Name::Name,00:53:35.7169408_T::Time!!I,Area::Area!!R,Channel_1_CFP.Intensity Mean Value::Channel_1_CFP.Intensity Mean Value!!R,Channel_2_YFP.Intensity Mean Value::Channel_2_YFP.Intensity Mean Value!!R,Channel_1_CFP.Image Acquisition Time::Channel_1_CFP.Image Acquisition Time!!D,Channel_2_YFP.Image Acquisition Time::Channel_2_YFP.Image Acquisition Time!!D
,,"µm²",,,,
"Ellipse",1,68.749537023127,125.20283370619,289.68791946309,2020-10-17T17:18:08.6670458,2020-10-17T17:18:08.6670458
"Ellipse",1,68.749537023127,104.52368321334,156.40469874953,2020-10-17T17:18:08.6670458,2020-10-17T17:18:08.6670458
"Ellipse",2,68.749537023127,125.17151379568,288.9120059657,2020-10-17T17:18:08.9663154,2020-10-17T17:18:08.9663154
"Ellipse",2,68.749537023127,104.26638878363,155.79158772262,2020-10-17T17:18:08.9663154,2020-10-17T17:18:08.9663154
"Ellipse",3,68.749537023127,124.96308724832,288.20991797166,2020-10-17T17:18:09.3076220,2020-10-17T17:18:09.3076220
"Ellipse",3,68.749537023127,104.350132626,155.74043198181,2020-10-17T17:18:09.3076220,2020-10-17T17:18:09.3076220
"Ellipse",4,68.749537023127,125.3139448173,287.58612975392,2020-10-17T17:18:09.8080735,2020-10-17T17:18:09.8080735
"Ellipse",4,68.749537023127,104.11974232664,156.12580522925,2020-10-17T17:18:09.8080735,2020-10-17T17:18:09.8080735
"Ellipse",5,68.749537023127,124.82326621924,287.39783743475,2020-10-17T17:18:10.3065229,2020-10-17T17:18:10.3065229
"Ellipse",5,68.749537023127,104.1864342554,155.8560060629,2020-10-17T17:18:10.3065229,2020-10-17T17:18:10.3065229
"Ellipse",6,68.749537023127,125.2475764355,287.3322147651,2020-10-17T17:18:10.8159819,2020-10-17T17:18:10.8159819
"Ellipse",6,68.749537023127,104.3956043956,155.43918150815,2020-10-17T17:18:10.8159819,2020-10-17T17:18:10.8159819
"Ellipse",7,68.749537023127,124.92058165548,287.85607755406,2020-10-17T17:18:11.3084256,2020-10-17T17:18:11.3084256
"Ellipse",7,68.749537023127,104.11330049261,155.13527851459,2020-10-17T17:18:11.3084256,2020-10-17T17:18:11.3084256
"Ellipse",8,68.749537023127,124.59880686055,287.79120059657,2020-10-17T17:18:11.8108783,2020-10-17T17:18:11.8108783
"Ellipse",8,68.749537023127,104.2485790072,155.1921182266,2020-10-17T17:18:11.8108783,2020-10-17T17:18:11.8108783
"Ellipse",9,68.749537023127,124.91312453393,287.21476510067,2020-10-17T17:18:12.3073246,2020-10-17T17:18:12.3073246
"Ellipse",9,68.749537023127,104.21068586586,155.05759757484,2020-10-17T17:18:12.3073246,2020-10-17T17:18:12.3073246
"Ellipse",10,68.749537023127,124.78486204325,286.40007457122,2020-10-17T17:18:12.8177855,2020-10-17T17:18:12.8177855
"Ellipse",10,68.749537023127,104.12504736643,155.0170519136,2020-10-17T17:18:12.8177855,2020-10-17T17:18:12.8177855
"Ellipse",11,68.749537023127,124.42542878449,287.72669649515,2020-10-17T17:18:13.3192369,2020-10-17T17:18:13.3192369
"Ellipse",11,68.749537023127,104.01818870784,154.88669950739,2020-10-17T17:18:13.3192369,2020-10-17T17:18:13.3192369
"Ellipse",12,68.749537023127,124.62005965697,286.81319910515,2020-10-17T17:18:13.8236917,2020-10-17T17:18:13.8236917
"Ellipse",12,68.749537023127,104.00378931413,154.74194770747,2020-10-17T17:18:13.8236917,2020-10-17T17:18:13.8236917
"Ellipse",13,68.749537023127,124.37658463833,286.89410887398,2020-10-17T17:18:14.3081282,2020-10-17T17:18:14.3081282
"Ellipse",13,68.749537023127,104.1129215612,154.85221674877,2020-10-17T17:18:14.3081282,2020-10-17T17:18:14.3081282
"Ellipse",14,68.749537023127,124.51342281879,285.44369873229,2020-10-17T17:18:14.8085788,2020-10-17T17:18:14.8085788
"Ellipse",14,68.749537023127,104.10951117848,154.51307313376,2020-10-17T17:18:14.8085788,2020-10-17T17:18:14.8085788
"Ellipse",15,68.749537023127,124.77703206562,285.16368381805,2020-10-17T17:18:15.3090300,2020-10-17T17:18:15.3090300
"Ellipse",15,68.749537023127,104.15990905646,154.4433497537,2020-10-17T17:18:15.3090300,2020-10-17T17:18:15.3090300
"Ellipse",16,68.749537023127,124.44742729307,286.32662192394,2020-10-17T17:18:15.8084800,2020-10-17T17:18:15.8084800
"Ellipse",16,68.749537023127,104.30238726791,154.62940507768,2020-10-17T17:18:15.8084800,2020-10-17T17:18:15.8084800
"Ellipse",17,68.749537023127,124.63348247576,286.00223713647,2020-10-17T17:18:16.3059281,2020-10-17T17:18:16.3059281
"Ellipse",17,68.749537023127,103.96741189845,154.78135657446,2020-10-17T17:18:16.3059281,2020-10-17T17:18:16.3059281
"Ellipse",18,68.749537023127,124.63348247576,284.80909768829,2020-10-17T17:18:16.8123844,2020-10-17T17:18:16.8123844
"Ellipse",18,68.749537023127,103.97991663509,154.82796513831,2020-10-17T17:18:16.8123844,2020-10-17T17:18:16.8123844
"Ellipse",19,68.749537023127,124.39671886652,284.96569724087,2020-10-17T17:18:17.3078305,2020-10-17T17:18:17.3078305
"Ellipse",19,68.749537023127,103.91474043198,154.20765441455,2020-10-17T17:18:17.3078305,2020-10-17T17:18:17.3078305
"Ellipse",20,68.749537023127,124.41648023863,284.06524981357,2020-10-17T17:18:17.8082817,2020-10-17T17:18:17.8082817
"Ellipse",20,68.749537023127,104.08563849943,153.79537703676,2020-10-17T17:18:17.8082817,2020-10-17T17:18:17.8082817
"Ellipse",21,68.749537023127,124.22147651007,284.58501118568,2020-10-17T17:18:18.3197425,2020-10-17T17:18:18.3197425
"Ellipse",21,68.749537023127,103.94316028799,154.44259189087,2020-10-17T17:18:18.3197425,2020-10-17T17:18:18.3197425
"Ellipse",22,68.749537023127,124.39410887398,283.86353467562,2020-10-17T17:18:18.8141880,2020-10-17T17:18:18.8141880
"Ellipse",22,68.749537023127,103.96438044714,153.74952633573,2020-10-17T17:18:18.8141880,2020-10-17T17:18:18.8141880
"Ellipse",23,68.749537023127,124.19537658464,283.50745712155,2020-10-17T17:18:19.3086335,2020-10-17T17:18:19.3086335
"Ellipse",23,68.749537023127,104.03524062145,154.10420613869,2020-10-17T17:18:19.3086335,2020-10-17T17:18:19.3086335
"Ellipse",24,68.749537023127,124.45712155108,283.9120059657,2020-10-17T17:18:19.8120871,2020-10-17T17:18:19.8120871
"Ellipse",24,68.749537023127,103.94126563092,153.67677150436,2020-10-17T17:18:19.8120871,2020-10-17T17:18:19.8120871
"Ellipse",25,68.749537023127,124.32736763609,282.95264727815,2020-10-17T17:18:20.3085343,2020-10-17T17:18:20.3085343
"Ellipse",25,68.749537023127,103.99696854869,154.14854111406,2020-10-17T17:18:20.3085343,2020-10-17T17:18:20.3085343
"Ellipse",26,68.749537023127,124.27964205817,283.45041014169,2020-10-17T17:18:20.8069834,2020-10-17T17:18:20.8069834
"Ellipse",26,68.749537023127,104.0113679424,154.03713527852,2020-10-17T17:18:20.8069834,2020-10-17T17:18:20.8069834
"Ellipse",27,68.749537023127,124.23676360925,282.72520507084,2020-10-17T17:18:21.3074340,2020-10-17T17:18:21.3074340
"Ellipse",27,68.749537023127,103.90981432361,153.66275104206,2020-10-17T17:18:21.3074340,2020-10-17T17:18:21.3074340
"Ellipse",28,68.749537023127,124.38627889635,281.96793437733,2020-10-17T17:18:21.8078852,2020-10-17T17:18:21.8078852
"Ellipse",28,68.749537023127,103.87836301629,153.74649488443,2020-10-17T17:18:21.8078852,2020-10-17T17:18:21.8078852
"Ellipse",29,68.749537023127,123.94630872483,282.63907531693,2020-10-17T17:18:22.3083361,2020-10-17T17:18:22.3083361
"Ellipse",29,68.749537023127,103.97612732096,153.78363016294,2020-10-17T17:18:22.3083361,2020-10-17T17:18:22.3083361
"Ellipse",30,68.749537023127,124.4384787472,283.78038777032,2020-10-17T17:18:22.8077858,2020-10-17T17:18:22.8077858
"Ellipse",30,68.749537023127,104.01174687382,154.08904888215,2020-10-17T17:18:22.8077858,2020-10-17T17:18:22.8077858
"Ellipse",31,68.749537023127,124.44407158837,283.40380313199,2020-10-17T17:18:23.3152426,2020-10-17T17:18:23.3152426
"Ellipse",31,68.749537023127,103.90905646078,153.36642667677,2020-10-17T17:18:23.3152426,2020-10-17T17:18:23.3152426
"Ellipse",32,68.749537023127,124.00969425802,283.79865771812,2020-10-17T17:18:23.8206983,2020-10-17T17:18:23.8206983
"Ellipse",32,68.749537023127,103.97991663509,153.62372110648,2020-10-17T17:18:23.8206983,2020-10-17T17:18:23.8206983
"Ellipse",33,68.749537023127,123.83296047726,282.92803877703,2020-10-17T17:18:24.3081375,2020-10-17T17:18:24.3081375
"Ellipse",33,68.749537023127,103.89276241,153.97233800682,2020-10-17T17:18:24.3081375,2020-10-17T17:18:24.3081375
"Ellipse",34,68.749537023127,124.16293810589,282.38851603281,2020-10-17T17:18:24.8065869,2020-10-17T17:18:24.8065869
"Ellipse",34,68.749537023127,103.99772641152,153.62788935203,2020-10-17T17:18:24.8065869,2020-10-17T17:18:24.8065869
"Ellipse",35,68.749537023127,124.22334079046,282.90231170768,2020-10-17T17:18:25.3080384,2020-10-17T17:18:25.3080384
"Ellipse",35,68.749537023127,104.03524062145,153.21485411141,2020-10-17T17:18:25.3080384,2020-10-17T17:18:25.3080384
"Ellipse",36,68.749537023127,124.00708426547,283.18642803878,2020-10-17T17:18:25.8064871,2020-10-17T17:18:25.8064871
"Ellipse",36,68.749537023127,104.02273588481,153.32095490716,2020-10-17T17:18:25.8064871,2020-10-17T17:18:25.8064871
"Ellipse",37,68.749537023127,124.26845637584,282.38143176734,2020-10-17T17:18:26.3069387,2020-10-17T17:18:26.3069387
"Ellipse",37,68.749537023127,103.77756726033,153.62485790072,2020-10-17T17:18:26.3069387,2020-10-17T17:18:26.3069387
"Ellipse",38,68.749537023127,123.88739746458,281.95339299031,2020-10-17T17:18:26.8073886,2020-10-17T17:18:26.8073886
"Ellipse",38,68.749537023127,103.86017430845,153.28836680561,2020-10-17T17:18:26.8073886,2020-10-17T17:18:26.8073886
"Ellipse",39,68.749537023127,123.94817300522,282.39671886652,2020-10-17T17:18:27.3128446,2020-10-17T17:18:27.3128446
"Ellipse",39,68.749537023127,103.92497158014,153.27320954907,2020-10-17T17:18:27.3128446,2020-10-17T17:18:27.3128446
"Ellipse",40,68.749537023127,124.20693512304,282.30462341536,2020-10-17T17:18:27.8092922,2020-10-17T17:18:27.8092922
"Ellipse",40,68.749537023127,103.9378552482,153.60477453581,2020-10-17T17:18:27.8092922,2020-10-17T17:18:27.8092922
"Ellipse",41,68.749537023127,124.25428784489,281.61782252051,2020-10-17T17:18:28.3127455,2020-10-17T17:18:28.3127455
"Ellipse",41,68.749537023127,103.77605153467,153.20159151194,2020-10-17T17:18:28.3127455,2020-10-17T17:18:28.3127455
"Ellipse",42,68.749537023127,124.52572706935,281.98359433259,2020-10-17T17:18:28.8071913,2020-10-17T17:18:28.8071913
"Ellipse",42,68.749537023127,103.93179234559,153.19514967791,2020-10-17T17:18:28.8071913,2020-10-17T17:18:28.8071913
"Ellipse",43,68.749537023127,123.81469052946,280.74049217002,2020-10-17T17:18:29.3146501,2020-10-17T17:18:29.3146501
"Ellipse",43,68.749537023127,103.9378552482,153.18794998105,2020-10-17T17:18:29.3146501,2020-10-17T17:18:29.3146501
"Ellipse",44,68.749537023127,124.0298284862,281.98657718121,2020-10-17T17:18:29.8070922,2020-10-17T17:18:29.8070922
"Ellipse",44,68.749537023127,103.94998105343,153.48162182645,2020-10-17T17:18:29.8070922,2020-10-17T17:18:29.8070922
"Ellipse",45,68.749537023127,123.92319164802,281.33631618195,2020-10-17T17:18:30.3085440,2020-10-17T17:18:30.3085440
"Ellipse",45,68.749537023127,103.96930655551,152.69685486927,2020-10-17T17:18:30.3085440,2020-10-17T17:18:30.3085440
"Ellipse",46,68.749537023127,123.80909768829,281.49888143177,2020-10-17T17:18:30.8059921,2020-10-17T17:18:30.8059921
"Ellipse",46,68.749537023127,103.864342554,153.23228495642,2020-10-17T17:18:30.8059921,2020-10-17T17:18:30.8059921
"Ellipse",47,68.749537023127,123.87994034303,281.47688292319,2020-10-17T17:18:31.3144509,2020-10-17T17:18:31.3144509
"Ellipse",47,68.749537023127,103.90299355817,153.24062144752,2020-10-17T17:18:31.3144509,2020-10-17T17:18:31.3144509
"Ellipse",48,68.749537023127,123.92729306488,281.49776286354,2020-10-17T17:18:31.8098963,2020-10-17T17:18:31.8098963
"Ellipse",48,68.749537023127,103.92838196287,153.26752557787,2020-10-17T17:18:31.8098963,2020-10-17T17:18:31.8098963
"Ellipse",49,68.749537023127,123.89634601044,281.2591349739,2020-10-17T17:18:32.3083454,2020-10-17T17:18:32.3083454
"Ellipse",49,68.749537023127,103.80371352785,153.06744979159,2020-10-17T17:18:32.3083454,2020-10-17T17:18:32.3083454
"Ellipse",50,68.749537023127,124.19127516779,281.00932140194,2020-10-17T17:18:32.8188047,2020-10-17T17:18:32.8188047
"Ellipse",50,68.749537023127,103.92572944297,153.12050018947,2020-10-17T17:18:32.8188047,2020-10-17T17:18:32.8188047
"Ellipse",51,68.749537023127,124.10365398956,281.67524235645,2020-10-17T17:18:33.3212583,2020-10-17T17:18:33.3212583
"Ellipse",51,68.749537023127,103.84880636605,152.74384236453,2020-10-17T17:18:33.3212583,2020-10-17T17:18:33.3212583
"Ellipse",52,68.749537023127,123.86800894855,281.67151379568,2020-10-17T17:18:33.8076962,2020-10-17T17:18:33.8076962
"Ellipse",52,68.749537023127,103.96172792725,152.7597574839,2020-10-17T17:18:33.8076962,2020-10-17T17:18:33.8076962
"Ellipse",53,68.749537023127,123.62826249068,281.32997762864,2020-10-17T17:18:34.3081475,2020-10-17T17:18:34.3081475
"Ellipse",53,68.749537023127,103.83743842365,152.82872300114,2020-10-17T17:18:34.3081475,2020-10-17T17:18:34.3081475
"Ellipse",54,68.749537023127,123.85607755406,280.59656972409,2020-10-17T17:18:34.8075971,2020-10-17T17:18:34.8075971
"Ellipse",54,68.749537023127,103.91928760894,152.56157635468,2020-10-17T17:18:34.8075971,2020-10-17T17:18:34.8075971
"Ellipse",55,68.749537023127,124.00111856823,281.23154362416,2020-10-17T17:18:35.3070474,2020-10-17T17:18:35.3070474
"Ellipse",55,68.749537023127,103.79158772262,152.80106100796,2020-10-17T17:18:35.3070474,2020-10-17T17:18:35.3070474
"Ellipse",56,68.749537023127,123.9668158091,278.74683072334,2020-10-17T17:18:35.8095001,2020-10-17T17:18:35.8095001
"Ellipse",56,68.749537023127,103.76165214096,150.61424782114,2020-10-17T17:18:35.8095001,2020-10-17T17:18:35.8095001
"Ellipse",57,68.749537023127,123.91387024609,280.42915734527,2020-10-17T17:18:36.3099507,2020-10-17T17:18:36.3099507
"Ellipse",57,68.749537023127,103.81129215612,152.32057597575,2020-10-17T17:18:36.3099507,2020-10-17T17:18:36.3099507
"Ellipse",58,68.749537023127,124.09358687547,280.71737509321,2020-10-17T17:18:36.8073992,2020-10-17T17:18:36.8073992
"Ellipse",58,68.749537023127,103.70253884047,152.23001136794,2020-10-17T17:18:36.8073992,2020-10-17T17:18:36.8073992
"Ellipse",59,68.749537023127,123.92580164057,280.25205070843,2020-10-17T17:18:37.3078501,2020-10-17T17:18:37.3078501
"Ellipse",59,68.749537023127,103.94391815082,152.47821144373,2020-10-17T17:18:37.3078501,2020-10-17T17:18:37.3078501
"Ellipse",60,68.749537023127,123.85533184191,280.70991797166,2020-10-17T17:18:37.8073001,2020-10-17T17:18:37.8073001
"Ellipse",60,68.749537023127,103.76809397499,152.21485411141,2020-10-17T17:18:37.8073001,2020-10-17T17:18:37.8073001
"Ellipse",61,68.749537023127,124.04735272185,280.56636838181,2020-10-17T17:18:38.3157582,2020-10-17T17:18:38.3157582
"Ellipse",61,68.749537023127,103.89086775294,152.80977643047,2020-10-17T17:18:38.3157582,2020-10-17T17:18:38.3157582
"Ellipse",62,68.749537023127,123.80164056674,279.9884414616,2020-10-17T17:18:38.8092024,2020-10-17T17:18:38.8092024
"Ellipse",62,68.749537023127,103.74422129595,152.64797271694,2020-10-17T17:18:38.8092024,2020-10-17T17:18:38.8092024
"Ellipse",63,68.749537023127,124.05369127517,280.41685309471,2020-10-17T17:18:39.3066509,2020-10-17T17:18:39.3066509
"Ellipse",63,68.749537023127,103.96854869269,152.41985600606,2020-10-17T17:18:39.3066509,2020-10-17T17:18:39.3066509
"Ellipse",64,68.749537023127,123.95227442207,279.83407904549,2020-10-17T17:18:39.8141078,2020-10-17T17:18:39.8141078
"Ellipse",64,68.749537023127,103.63243652899,152.21978021978,2020-10-17T17:18:39.8141078,2020-10-17T17:18:39.8141078
"Ellipse",65,68.749537023127,123.54697986577,279.76398210291,2020-10-17T17:18:40.3105551,2020-10-17T17:18:40.3105551
"Ellipse",65,68.749537023127,103.70443349754,152.21674876847,2020-10-17T17:18:40.3105551,2020-10-17T17:18:40.3105551
"Ellipse",66,68.749537023127,124.25876211782,281.02647278151,2020-10-17T17:18:40.8070027,2020-10-17T17:18:40.8070027
"Ellipse",66,68.749537023127,103.65744600227,152.60629026146,2020-10-17T17:18:40.8070027,2020-10-17T17:18:40.8070027
"Ellipse",67,68.749537023127,123.78486204325,280.68866517524,2020-10-17T17:18:41.3074523,2020-10-17T17:18:41.3074523
"Ellipse",67,68.749537023127,103.59681697613,152.32057597575,2020-10-17T17:18:41.3074523,2020-10-17T17:18:41.3074523
"Ellipse",68,68.749537023127,123.80425055928,279.47539149888,2020-10-17T17:18:41.8069035,2020-10-17T17:18:41.8069035
"Ellipse",68,68.749537023127,103.932171277,152.36870026525,2020-10-17T17:18:41.8069035,2020-10-17T17:18:41.8069035
"Ellipse",69,68.749537023127,123.85160328113,279.63385533184,2020-10-17T17:18:42.3073544,2020-10-17T17:18:42.3073544
"Ellipse",69,68.749537023127,103.78021978022,152.03031451307,2020-10-17T17:18:42.3073544,2020-10-17T17:18:42.3073544
"Ellipse",70,68.749537023127,123.94630872483,280.00782997763,2020-10-17T17:18:42.8238197,2020-10-17T17:18:42.8238197
"Ellipse",70,68.749537023127,103.67298219022,152.14854111406,2020-10-17T17:18:42.8238197,2020-10-17T17:18:42.8238197
"Ellipse",71,68.749537023127,124.04735272185,280.1528709918,2020-10-17T17:18:43.3082562,2020-10-17T17:18:43.3082562
"Ellipse",71,68.749537023127,103.76998863206,152.32322849564,2020-10-17T17:18:43.3082562,2020-10-17T17:18:43.3082562
"Ellipse",72,68.749537023127,123.86950037286,280.19425801641,2020-10-17T17:18:43.8207179,2020-10-17T17:18:43.8207179
"Ellipse",72,68.749537023127,103.58279651383,151.88291019326,2020-10-17T17:18:43.8207179,2020-10-17T17:18:43.8207179
"Ellipse",73,68.749537023127,123.87994034303,279.91461595824,2020-10-17T17:18:44.3071562,2020-10-17T17:18:44.3071562
"Ellipse",73,68.749537023127,103.62485790072,152.13376278894,2020-10-17T17:18:44.3071562,2020-10-17T17:18:44.3071562
"Ellipse",74,68.749537023127,123.9019388516,279.56562266965,2020-10-17T17:18:44.8136125,2020-10-17T17:18:44.8136125
"Ellipse",74,68.749537023127,103.68435013263,151.91474043198,2020-10-17T17:18:44.8136125,2020-10-17T17:18:44.8136125
"Ellipse",75,68.749537023127,123.76099925429,280.01901565996,2020-10-17T17:18:45.3090582,2020-10-17T17:18:45.3090582
"Ellipse",75,68.749537023127,103.74952633573,152.35809018568,2020-10-17T17:18:45.3090582,2020-10-17T17:18:45.3090582
"Ellipse",76,68.749537023127,123.84451901566,279.23601789709,2020-10-17T17:18:45.8085088,2020-10-17T17:18:45.8085088
"Ellipse",76,68.749537023127,103.57559681698,152.03524062145,2020-10-17T17:18:45.8085088,2020-10-17T17:18:45.8085088
"Ellipse",77,68.749537023127,123.52274422073,279.0398956003,2020-10-17T17:18:46.3069579,2020-10-17T17:18:46.3069579
"Ellipse",77,68.749537023127,103.78628268283,151.86320575976,2020-10-17T17:18:46.3069579,2020-10-17T17:18:46.3069579
"Ellipse",78,68.749537023127,124.01528709918,279.52013422819,2020-10-17T17:18:46.8084094,2020-10-17T17:18:46.8084094
"Ellipse",78,68.749537023127,103.70860174309,152.19287608943,2020-10-17T17:18:46.8084094,2020-10-17T17:18:46.8084094
"Ellipse",79,68.749537023127,123.61558538404,280.20283370619,2020-10-17T17:18:47.3188696,2020-10-17T17:18:47.3188696
"Ellipse",79,68.749537023127,103.621447518,151.8897309587,2020-10-17T17:18:47.3188696,2020-10-17T17:18:47.3188696
"Ellipse",80,68.749537023127,123.8139448173,280.73340790455,2020-10-17T17:18:47.8083106,2020-10-17T17:18:47.8083106
"Ellipse",80,68.749537023127,103.67904509284,151.5649867374,2020-10-17T17:18:47.8083106,2020-10-17T17:18:47.8083106
"Ellipse",81,68.749537023127,123.91461595824,280.46122296793,2020-10-17T17:18:48.3127651,2020-10-17T17:18:48.3127651
"Ellipse",81,68.749537023127,103.73891625616,151.64456233422,2020-10-17T17:18:48.3127651,2020-10-17T17:18:48.3127651
"Ellipse",82,68.749537023127,123.22706935123,282.11595824012,2020-10-17T17:18:48.8092124,2020-10-17T17:18:48.8092124
"Ellipse",82,68.749537023127,103.60515346722,152.05873436908,2020-10-17T17:18:48.8092124,2020-10-17T17:18:48.8092124
"Ellipse",83,68.749537023127,122.8288590604,284.74384787472,2020-10-17T17:18:49.3176701,2020-10-17T17:18:49.3176701
"Ellipse",83,68.749537023127,103.84009094354,151.80333459644,2020-10-17T17:18:49.3176701,2020-10-17T17:18:49.3176701
"Ellipse",84,68.749537023127,122.23788217748,286.05704697987,2020-10-17T17:18:49.8081120,2020-10-17T17:18:49.8081120
"Ellipse",84,68.749537023127,103.62372110648,151.72338006821,2020-10-17T17:18:49.8081120,2020-10-17T17:18:49.8081120
"Ellipse",85,68.749537023127,122.34824757644,286.39336316182,2020-10-17T17:18:50.3075623,2020-10-17T17:18:50.3075623
"Ellipse",85,68.749537023127,103.87646835923,152.05532398636,2020-10-17T17:18:50.3075623,2020-10-17T17:18:50.3075623
"Ellipse",86,68.749537023127,122.3571961223,285.99962714392,2020-10-17T17:18:50.8080129,2020-10-17T17:18:50.8080129
"Ellipse",86,68.749537023127,103.68321333839,151.86396362258,2020-10-17T17:18:50.8080129,2020-10-17T17:18:50.8080129
"Ellipse",87,68.749537023127,122.23639075317,284.6860551827,2020-10-17T17:18:51.3074632,2020-10-17T17:18:51.3074632
"Ellipse",87,68.749537023127,103.57787040546,151.86472148541,2020-10-17T17:18:51.3074632,2020-10-17T17:18:51.3074632
"Ellipse",88,68.749537023127,122.64354958986,284.13161819538,2020-10-17T17:18:51.8099159,2020-10-17T17:18:51.8099159
"Ellipse",88,68.749537023127,103.52595680182,151.61803713528,2020-10-17T17:18:51.8099159,2020-10-17T17:18:51.8099159
"Ellipse",89,68.749537023127,123.27442207308,281.55518269948,2020-10-17T17:18:52.3073641,2020-10-17T17:18:52.3073641
"Ellipse",89,68.749537023127,103.6752557787,151.7824933687,2020-10-17T17:18:52.3073641,2020-10-17T17:18:52.3073641
"Ellipse",90,68.749537023127,123.36390753169,280.42803877703,2020-10-17T17:18:52.8078149,2020-10-17T17:18:52.8078149
"Ellipse",90,68.749537023127,103.75558923835,151.70784388026,2020-10-17T17:18:52.8078149,2020-10-17T17:18:52.8078149
"Ellipse",91,68.749537023127,123.43624161074,277.98359433259,2020-10-17T17:18:53.3222785,2020-10-17T17:18:53.3222785
"Ellipse",91,68.749537023127,103.72754831376,151.62902614627,2020-10-17T17:18:53.3222785,2020-10-17T17:18:53.3222785
"Ellipse",92,68.749537023127,123.49515287099,277.26137211037,2020-10-17T17:18:53.8187254,2020-10-17T17:18:53.8187254
"Ellipse",92,68.749537023127,103.60780598712,151.43387646836,2020-10-17T17:18:53.8187254,2020-10-17T17:18:53.8187254
"Ellipse",93,68.749537023127,123.45935868755,276.63422818792,2020-10-17T17:18:54.3071658,2020-10-17T17:18:54.3071658
"Ellipse",93,68.749537023127,103.58658582797,151.43463433119,2020-10-17T17:18:54.3071658,2020-10-17T17:18:54.3071658
"Ellipse",94,68.749537023127,123.54996271439,275.44556301268,2020-10-17T17:18:54.8116200,2020-10-17T17:18:54.8116200
"Ellipse",94,68.749537023127,103.47593785525,151.62372110648,2020-10-17T17:18:54.8116200,2020-10-17T17:18:54.8116200
"Ellipse",95,68.749537023127,123.19351230425,274.27032065623,2020-10-17T17:18:55.3070667,2020-10-17T17:18:55.3070667
"Ellipse",95,68.749537023127,103.5509662751,151.64228874574,2020-10-17T17:18:55.3070667,2020-10-17T17:18:55.3070667
"Ellipse",96,68.749537023127,122.591349739,274.11185682327,2020-10-17T17:18:55.8065160,2020-10-17T17:18:55.8065160
"Ellipse",96,68.749537023127,103.55702917772,151.2372110648,2020-10-17T17:18:55.8065160,2020-10-17T17:18:55.8065160
"Ellipse",97,68.749537023127,122.87583892618,271.8139448173,2020-10-17T17:18:56.3079684,2020-10-17T17:18:56.3079684
"Ellipse",97,68.749537023127,103.60666919288,150.93406593407,2020-10-17T17:18:56.3079684,2020-10-17T17:18:56.3079684
"Ellipse",98,68.749537023127,122.56301267711,271.60328113348,2020-10-17T17:18:56.8074184,2020-10-17T17:18:56.8074184
"Ellipse",98,68.749537023127,103.4914740432,150.77302008337,2020-10-17T17:18:56.8074184,2020-10-17T17:18:56.8074184
"Ellipse",99,68.749537023127,122.40678598061,271.06860551827,2020-10-17T17:18:57.3108717,2020-10-17T17:18:57.3108717
"Ellipse",99,68.749537023127,103.60818491853,150.7711254263,2020-10-17T17:18:57.3108717,2020-10-17T17:18:57.3108717
"Ellipse",100,68.749537023127,122.28970917226,271.31804623415,2020-10-17T17:18:57.8113226,2020-10-17T17:18:57.8113226
"Ellipse",100,68.749537023127,103.74535809019,151.15270935961,2020-10-17T17:18:57.8113226,2020-10-17T17:18:57.8113226
"Ellipse",101,68.749537023127,122.30686055183,269.93102162565,2020-10-17T17:18:58.3107726,2020-10-17T17:18:58.3107726
"Ellipse",101,68.749537023127,103.53618794998,150.21636983706,2020-10-17T17:18:58.3107726,2020-10-17T17:18:58.3107726
"Ellipse",102,68.749537023127,122.20917225951,270.4932885906,2020-10-17T17:18:58.8072202,2020-10-17T17:18:58.8072202
"Ellipse",102,68.749537023127,103.56801818871,151.12012125805,2020-10-17T17:18:58.8072202,2020-10-17T17:18:58.8072202
"Ellipse",103,68.749537023127,122.17225950783,269.99962714392,2020-10-17T17:18:59.3086716,2020-10-17T17:18:59.3086716
"Ellipse",103,68.749537023127,103.57142857143,150.75672603259,2020-10-17T17:18:59.3086716,2020-10-17T17:18:59.3086716
"Ellipse",104,68.749537023127,122.30014914243,269.72520507084,2020-10-17T17:18:59.8071211,2020-10-17T17:18:59.8071211
"Ellipse",104,68.749537023127,103.73285335354,151.19136036377,2020-10-17T17:18:59.8071211,2020-10-17T17:18:59.8071211
"Ellipse",105,68.749537023127,122.04586129754,269.47315436242,2020-10-17T17:19:00.3095737,2020-10-17T17:19:00.3095737
"Ellipse",105,68.749537023127,103.54452444108,150.40469874953,2020-10-17T17:19:00.3095737,2020-10-17T17:19:00.3095737
"Ellipse",106,68.749537023127,122.59395973154,270.04213273676,2020-10-17T17:19:00.8070219,2020-10-17T17:19:00.8070219
"Ellipse",106,68.749537023127,103.58658582797,150.58128078818,2020-10-17T17:19:00.8070219,2020-10-17T17:19:00.8070219
"Ellipse",107,68.749537023127,122.20991797166,268.37360178971,2020-10-17T17:19:01.3084737,2020-10-17T17:19:01.3084737
"Ellipse",107,68.749537023127,103.63887836302,150.68207654415,2020-10-17T17:19:01.3084737,2020-10-17T17:19:01.3084737
"Ellipse",108,68.749537023127,122.41871737509,268.92132736764,2020-10-17T17:19:01.8059219,2020-10-17T17:19:01.8059219
"Ellipse",108,68.749537023127,103.4888215233,150.51837817355,2020-10-17T17:19:01.8059219,2020-10-17T17:19:01.8059219
"Ellipse",109,68.749537023127,122.06375838926,269.18456375839,2020-10-17T17:19:02.3133791,2020-10-17T17:19:02.3133791
"Ellipse",109,68.749537023127,103.33194391815,150.8813944676,2020-10-17T17:19:02.3133791,2020-10-17T17:19:02.3133791
"Ellipse",110,68.749537023127,122.28113348248,269.04399701715,2020-10-17T17:19:02.8088255,2020-10-17T17:19:02.8088255
"Ellipse",110,68.749537023127,103.61955286093,150.88442591891,2020-10-17T17:19:02.8088255,2020-10-17T17:19:02.8088255
"Ellipse",111,68.749537023127,122.48732289336,267.61036539896,2020-10-17T17:19:03.3082755,2020-10-17T17:19:03.3082755
"Ellipse",111,68.749537023127,103.6157635468,150.38234179614,2020-10-17T17:19:03.3082755,2020-10-17T17:19:03.3082755
"Ellipse",112,68.749537023127,121.9336316182,267.69239373602,2020-10-17T17:19:03.8187350,2020-10-17T17:19:03.8187350
"Ellipse",112,68.749537023127,103.72641151952,149.93861311103,2020-10-17T17:19:03.8187350,2020-10-17T17:19:03.8187350
"Ellipse",113,68.749537023127,122.06114839672,267.26099925429,2020-10-17T17:19:04.3081763,2020-10-17T17:19:04.3081763
"Ellipse",113,68.749537023127,103.58961727927,149.92838196287,2020-10-17T17:19:04.3081763,2020-10-17T17:19:04.3081763
"Ellipse",114,68.749537023127,122.01267710664,268.62938105891,2020-10-17T17:19:04.8066254,2020-10-17T17:19:04.8066254
"Ellipse",114,68.749537023127,103.71807502842,150.56839712012,2020-10-17T17:19:04.8066254,2020-10-17T17:19:04.8066254
"Ellipse",115,68.749537023127,122.27926920209,268.60514541387,2020-10-17T17:19:05.3080772,2020-10-17T17:19:05.3080772
"Ellipse",115,68.749537023127,103.63887836302,150.46722243274,2020-10-17T17:19:05.3080772,2020-10-17T17:19:05.3080772
"Ellipse",116,68.749537023127,122.15100671141,268.17524235645,2020-10-17T17:19:05.8075269,2020-10-17T17:19:05.8075269
"Ellipse",116,68.749537023127,103.61765820387,150.43842364532,2020-10-17T17:19:05.8075269,2020-10-17T17:19:05.8075269
"Ellipse",117,68.749537023127,121.84004474273,268.19910514541,2020-10-17T17:19:06.3079781,2020-10-17T17:19:06.3079781
"Ellipse",117,68.749537023127,103.46267525578,150.60363774157,2020-10-17T17:19:06.3079781,2020-10-17T17:19:06.3079781
"Ellipse",118,68.749537023127,122.01640566741,267.82513049963,2020-10-17T17:19:06.8074281,2020-10-17T17:19:06.8074281
"Ellipse",118,68.749537023127,103.81962864722,150.43046608564,2020-10-17T17:19:06.8074281,2020-10-17T17:19:06.8074281
"Ellipse",119,68.749537023127,124.14077669903,277.82748319642,2020-10-17T17:19:07.3088795,2020-10-17T17:19:07.3088795
"Ellipse",119,68.749537023127,103.5733232285,150.11102690413,2020-10-17T17:19:07.3088795,2020-10-17T17:19:07.3088795
"Ellipse",120,68.749537023127,123.89469753547,278.69529499627,2020-10-17T17:19:07.8063280,2020-10-17T17:19:07.8063280
"Ellipse",120,68.749537023127,103.5649867374,150.33004926108,2020-10-17T17:19:07.8063280,2020-10-17T17:19:07.8063280
"Ellipse",121,68.749537023127,124.06646751307,277.5354742345,2020-10-17T17:19:08.3237942,2020-10-17T17:19:08.3237942
"Ellipse",121,68.749537023127,103.55248200076,150.27813565745,2020-10-17T17:19:08.3237942,2020-10-17T17:19:08.3237942
"Ellipse",122,68.749537023127,123.98020911128,277.19678864825,2020-10-17T17:19:08.8072298,2020-10-17T17:19:08.8072298
"Ellipse",122,68.749537023127,103.69874952634,150.40166729822,2020-10-17T17:19:08.8072298,2020-10-17T17:19:08.8072298
"Ellipse",123,68.749537023127,123.9645257655,278.45817774459,2020-10-17T17:19:09.3096825,2020-10-17T17:19:09.3096825
"Ellipse",123,68.749537023127,103.31754452444,150.11974232664,2020-10-17T17:19:09.3096825,2020-10-17T17:19:09.3096825
"Ellipse",124,68.749537023127,123.87005227782,278.16504854369,2020-10-17T17:19:09.8091322,2020-10-17T17:19:09.8091322
"Ellipse",124,68.749537023127,103.51345206518,150.23683213338,2020-10-17T17:19:09.8091322,2020-10-17T17:19:09.8091322
"Ellipse",125,68.749537023127,123.82748319642,277.98058252427,2020-10-17T17:19:10.3065807,2020-10-17T17:19:10.3065807
"Ellipse",125,68.749537023127,103.51496779083,150.36491095112,2020-10-17T17:19:10.3065807,2020-10-17T17:19:10.3065807
"Ellipse",126,68.749537023127,123.95182972367,277.12210604929,2020-10-17T17:19:10.8070312,2020-10-17T17:19:10.8070312
"Ellipse",126,68.749537023127,103.59681697613,150.16445623342,2020-10-17T17:19:10.8070312,2020-10-17T17:19:10.8070312
"Ellipse",127,68.749537023127,123.71359223301,277.25205377147,2020-10-17T17:19:11.3064806,2020-10-17T17:19:11.3064806
"Ellipse",127,68.749537023127,103.50132625995,150.05721864343,2020-10-17T17:19:11.3064806,2020-10-17T17:19:11.3064806
"Ellipse",128,68.749537023127,124.00634802091,277.9070201643,2020-10-17T17:19:11.8069324,2020-10-17T17:19:11.8069324
"Ellipse",128,68.749537023127,103.33952254642,150.3531640773,2020-10-17T17:19:11.8069324,2020-10-17T17:19:11.8069324
"Ellipse",129,68.749537023127,123.90403286034,277.58177744586,2020-10-17T17:19:12.3073830,2020-10-17T17:19:12.3073830
"Ellipse",129,68.749537023127,103.54452444108,150.3868889731,2020-10-17T17:19:12.3073830,2020-10-17T17:19:12.3073830
"Ellipse",130,68.749537023127,124.26773711725,277.54144884242,2020-10-17T17:19:12.8148405,2020-10-17T17:19:12.8148405
"Ellipse",130,68.749537023127,103.6638878363,150.46191739295,2020-10-17T17:19:12.8148405,2020-10-17T17:19:12.8148405
"Ellipse",131,68.749537023127,124.02315160568,277.91075429425,2020-10-17T17:19:13.3092860,2020-10-17T17:19:13.3092860
"Ellipse",131,68.749537023127,103.44751799924,150.22735884805,2020-10-17T17:19:13.3092860,2020-10-17T17:19:13.3092860
"Ellipse",132,68.749537023127,123.63928304705,278.29798356983,2020-10-17T17:19:13.8087356,2020-10-17T17:19:13.8087356
"Ellipse",132,68.749537023127,103.61614247821,150.42326638878,2020-10-17T17:19:13.8087356,2020-10-17T17:19:13.8087356
"Ellipse",133,68.749537023127,123.928678118,277.89096340553,2020-10-17T17:19:14.3071851,2020-10-17T17:19:14.3071851
"Ellipse",133,68.749537023127,103.37438423645,150.42857142857,2020-10-17T17:19:14.3071851,2020-10-17T17:19:14.3071851
"Ellipse",134,68.749537023127,123.85250186707,277.81329350261,2020-10-17T17:19:14.8106386,2020-10-17T17:19:14.8106386
"Ellipse",134,68.749537023127,103.46949602122,150.12239484653,2020-10-17T17:19:14.8106386,2020-10-17T17:19:14.8106386
"Ellipse",135,68.749537023127,123.60903659447,277.39432412248,2020-10-17T17:19:15.3070862,2020-10-17T17:19:15.3070862
"Ellipse",135,68.749537023127,103.57862826828,149.90071996969,2020-10-17T17:19:15.3070862,2020-10-17T17:19:15.3070862
"Ellipse",136,68.749537023127,123.84428678118,276.89507094847,2020-10-17T17:19:15.8105395,2020-10-17T17:19:15.8105395
"Ellipse",136,68.749537023127,103.4433497537,149.9802955665,2020-10-17T17:19:15.8105395,2020-10-17T17:19:15.8105395
"Ellipse",137,68.749537023127,123.72927557879,276.59148618372,2020-10-17T17:19:16.3069865,2020-10-17T17:19:16.3069865
"Ellipse",137,68.749537023127,103.4039408867,149.85638499432,2020-10-17T17:19:16.3069865,2020-10-17T17:19:16.3069865
"Ellipse",138,68.749537023127,123.78902165795,277.62397311426,2020-10-17T17:19:16.8104401,2020-10-17T17:19:16.8104401
"Ellipse",138,68.749537023127,103.4520651762,150.01932550208,2020-10-17T17:19:16.8104401,2020-10-17T17:19:16.8104401
"Ellipse",139,68.749537023127,123.9357729649,276.66654219567,2020-10-17T17:19:17.3078886,2020-10-17T17:19:17.3078886
"Ellipse",139,68.749537023127,103.5649867374,149.78590375142,2020-10-17T17:19:17.3078886,2020-10-17T17:19:17.3078886
"Ellipse",140,68.749537023127,123.79462285288,276.57766990291,2020-10-17T17:19:17.8083391,2020-10-17T17:19:17.8083391
"Ellipse",140,68.749537023127,103.4717696097,150.26222053808,2020-10-17T17:19:17.8083391,2020-10-17T17:19:17.8083391
"Ellipse",141,68.749537023127,123.54966392831,277.25616131441,2020-10-17T17:19:18.3167972,2020-10-17T17:19:18.3167972
"Ellipse",141,68.749537023127,103.36604774536,149.98522167488,2020-10-17T17:19:18.3167972,2020-10-17T17:19:18.3167972
"Ellipse",142,68.749537023127,123.87005227782,276.80993278566,2020-10-17T17:19:18.8082403,2020-10-17T17:19:18.8082403
"Ellipse",142,68.749537023127,103.52065176203,149.8275862069,2020-10-17T17:19:18.8082403,2020-10-17T17:19:18.8082403
"Ellipse",143,68.749537023127,123.67027632562,277.71994025392,2020-10-17T17:19:19.3197011,2020-10-17T17:19:19.3197011
"Ellipse",143,68.749537023127,103.39522546419,149.9264873058,2020-10-17T17:19:19.3197011,2020-10-17T17:19:19.3197011
"Ellipse",144,68.749537023127,123.70052277819,278.74047796863,2020-10-17T17:19:19.8081412,2020-10-17T17:19:19.8081412
"Ellipse",144,68.749537023127,103.55665024631,149.73664266768,2020-10-17T17:19:19.8081412,2020-10-17T17:19:19.8081412
"Ellipse",145,68.749537023127,123.23263629574,279.2068707991,2020-10-17T17:19:20.3065903,2020-10-17T17:19:20.3065903
"Ellipse",145,68.749537023127,103.39522546419,150.02804092459,2020-10-17T17:19:20.3065903,2020-10-17T17:19:20.3065903
"Ellipse",146,68.749537023127,122.89245705751,279.60903659447,2020-10-17T17:19:20.8140475,2020-10-17T17:19:20.8140475
"Ellipse",146,68.749537023127,103.57104964002,149.80674497916,2020-10-17T17:19:20.8140475,2020-10-17T17:19:20.8140475
"Ellipse",147,68.749537023127,122.88424197162,279.71732636296,2020-10-17T17:19:21.3104948,2020-10-17T17:19:21.3104948
"Ellipse",147,68.749537023127,103.39749905267,149.47859037514,2020-10-17T17:19:21.3104948,2020-10-17T17:19:21.3104948
"Ellipse",148,68.749537023127,123.07505601195,279.56198655713,2020-10-17T17:19:21.8069420,2020-10-17T17:19:21.8069420
"Ellipse",148,68.749537023127,103.49602122016,149.55740810913,2020-10-17T17:19:21.8069420,2020-10-17T17:19:21.8069420
"Ellipse",149,68.749537023127,122.89544436146,279.10642270351,2020-10-17T17:19:22.3073929,2020-10-17T17:19:22.3073929
"Ellipse",149,68.749537023127,103.57218643426,149.49943160288,2020-10-17T17:19:22.3073929,2020-10-17T17:19:22.3073929
"Ellipse",150,68.749537023127,123.31217326363,278.28192681105,2020-10-17T17:19:22.8088444,2020-10-17T17:19:22.8088444
"Ellipse",150,68.749537023127,103.47631678666,149.92610837438,2020-10-17T17:19:22.8088444,2020-10-17T17:19:22.8088444
"Ellipse",151,68.749537023127,123.30097087379,277.63330843913,2020-10-17T17:19:23.3173028,2020-10-17T17:19:23.3173028
"Ellipse",151,68.749537023127,103.39408866995,149.40697233801,2020-10-17T17:19:23.3173028,2020-10-17T17:19:23.3173028
"Ellipse",152,68.749537023127,123.27072442121,277.500373413,2020-10-17T17:19:23.8157516,2020-10-17T17:19:23.8157516
"Ellipse",152,68.749537023127,103.39522546419,149.3925729443,2020-10-17T17:19:23.8157516,2020-10-17T17:19:23.8157516
"Ellipse",153,68.749537023127,123.21209858103,276.19081404033,2020-10-17T17:19:24.3091965,2020-10-17T17:19:24.3091965
"Ellipse",153,68.749537023127,103.44221295945,149.62523683213,2020-10-17T17:19:24.3091965,2020-10-17T17:19:24.3091965
"Ellipse",154,68.749537023127,123.48319641524,276.28416728902,2020-10-17T17:19:24.8146519,2020-10-17T17:19:24.8146519
"Ellipse",154,68.749537023127,103.49488442592,149.87722622205,2020-10-17T17:19:24.8146519,2020-10-17T17:19:24.8146519
"Ellipse",155,68.749537023127,123.64339058999,275.82748319642,2020-10-17T17:19:25.3070959,2020-10-17T17:19:25.3070959
"Ellipse",155,68.749537023127,103.27472527473,149.66085638499,2020-10-17T17:19:25.3070959,2020-10-17T17:19:25.3070959
"Ellipse",156,68.749537023127,123.52912621359,276.65347274085,2020-10-17T17:19:25.8175555,2020-10-17T17:19:25.8175555
"Ellipse",156,68.749537023127,103.53921940129,149.34065934066,2020-10-17T17:19:25.8175555,2020-10-17T17:19:25.8175555
"Ellipse",157,68.749537023127,123.60903659447,276.58252427185,2020-10-17T17:19:26.3059955,2020-10-17T17:19:26.3059955
"Ellipse",157,68.749537023127,103.42553997726,150.08525956802,2020-10-17T17:19:26.3059955,2020-10-17T17:19:26.3059955
"Ellipse",158,68.749537023127,123.80097087379,277.16019417476,2020-10-17T17:19:26.8134527,2020-10-17T17:19:26.8134527
"Ellipse",158,68.749537023127,103.20917014021,149.60591133005,2020-10-17T17:19:26.8134527,2020-10-17T17:19:26.8134527
"Ellipse",159,68.749537023127,123.40104555639,275.54667662435,2020-10-17T17:19:27.3078982,2020-10-17T17:19:27.3078982
"Ellipse",159,68.749537023127,103.58961727927,149.67904509284,2020-10-17T17:19:27.3078982,2020-10-17T17:19:27.3078982
"Ellipse",160,68.749537023127,123.60306198656,276.13629574309,2020-10-17T17:19:27.8113518,2020-10-17T17:19:27.8113518
"Ellipse",160,68.749537023127,103.37362637363,149.91398256916,2020-10-17T17:19:27.8113518,2020-10-17T17:19:27.8113518
"Ellipse",161,68.749537023127,123.48842419716,275.62509335325,2020-10-17T17:19:28.3067982,2020-10-17T17:19:28.3067982
"Ellipse",161,68.749537023127,103.2739674119,149.72148541114,2020-10-17T17:19:28.3067982,2020-10-17T17:19:28.3067982
"Ellipse",162,68.749537023127,123.49477221807,275.5358476475,2020-10-17T17:19:28.8072491,2020-10-17T17:19:28.8072491
"Ellipse",162,68.749537023127,103.2372110648,149.42326638878,2020-10-17T17:19:28.8072491,2020-10-17T17:19:28.8072491
"Ellipse",163,68.749537023127,123.59372666169,276.0212845407,2020-10-17T17:19:29.3167081,2020-10-17T17:19:29.3167081
"Ellipse",163,68.749537023127,103.52974611595,149.69837059492,2020-10-17T17:19:29.3167081,2020-10-17T17:19:29.3167081
"Ellipse",164,68.749537023127,123.77221807319,275.50298730396,2020-10-17T17:19:29.8071496,2020-10-17T17:19:29.8071496
"Ellipse",164,68.749537023127,103.41038272073,149.76165214096,2020-10-17T17:19:29.8071496,2020-10-17T17:19:29.8071496
"Ellipse",165,68.749537023127,123.60791635549,275.57542942494,2020-10-17T17:19:30.3106035,2020-10-17T17:19:30.3106035
"Ellipse",165,68.749537023127,103.43387646836,149.49071618037,2020-10-17T17:19:30.3106035,2020-10-17T17:19:30.3106035
"Ellipse",166,68.749537023127,123.7714712472,276.01493651979,2020-10-17T17:19:30.8200625,2020-10-17T17:19:30.8200625
"Ellipse",166,68.749537023127,103.4153088291,149.3417961349,2020-10-17T17:19:30.8200625,2020-10-17T17:19:30.8200625
"Ellipse",167,68.749537023127,123.62584017924,276.11165048544,2020-10-17T17:19:31.3075017,2020-10-17T17:19:31.3075017
"Ellipse",167,68.749537023127,103.40242516105,149.44297082228,2020-10-17T17:19:31.3075017,2020-10-17T17:19:31.3075017
"Ellipse",168,68.749537023127,123.87303958178,275.40328603435,2020-10-17T17:19:31.8069517,2020-10-17T17:19:31.8069517
"Ellipse",168,68.749537023127,103.36794240243,149.28230390299,2020-10-17T17:19:31.8069517,2020-10-17T17:19:31.8069517
"Ellipse",169,68.749537023127,123.66766243465,275.39581777446,2020-10-17T17:19:32.3104053,2020-10-17T17:19:32.3104053
"Ellipse",169,68.749537023127,103.57104964002,149.57408109132,2020-10-17T17:19:32.3104053,2020-10-17T17:19:32.3104053
"Ellipse",170,68.749537023127,123.61127707244,275.73375653473,2020-10-17T17:19:32.8078534,2020-10-17T17:19:32.8078534
"Ellipse",170,68.749537023127,103.42440318302,149.25729442971,2020-10-17T17:19:32.8078534,2020-10-17T17:19:32.8078534
"Ellipse",171,68.749537023127,123.786034354,275.38424197162,2020-10-17T17:19:33.3083043,2020-10-17T17:19:33.3083043
"Ellipse",171,68.749537023127,103.41606669193,149.36377415688,2020-10-17T17:19:33.3083043,2020-10-17T17:19:33.3083043
"Ellipse",172,68.749537023127,123.60492905153,275.68707991038,2020-10-17T17:19:33.8097558,2020-10-17T17:19:33.8097558
"Ellipse",172,68.749537023127,103.16294050777,148.83592269799,2020-10-17T17:19:33.8097558,2020-10-17T17:19:33.8097558
"Ellipse",173,68.749537023127,123.64488424197,275.31254667662,2020-10-17T17:19:34.3082052,2020-10-17T17:19:34.3082052
"Ellipse",173,68.749537023127,103.42250852596,148.94126563092,2020-10-17T17:19:34.3082052,2020-10-17T17:19:34.3082052
"Ellipse",174,68.749537023127,123.77259148618,276.19790888723,2020-10-17T17:19:34.8176639,2020-10-17T17:19:34.8176639
"Ellipse",174,68.749537023127,103.4971580144,149.49336870027,2020-10-17T17:19:34.8176639,2020-10-17T17:19:34.8176639
"Ellipse",175,68.749537023127,123.7785660941,274.78939507095,2020-10-17T17:19:35.3151124,2020-10-17T17:19:35.3151124
"Ellipse",175,68.749537023127,103.2936718454,149.39712012126,2020-10-17T17:19:35.3151124,2020-10-17T17:19:35.3151124
"Ellipse",176,68.749537023127,123.77184466019,276.58028379388,2020-10-17T17:19:35.8125602,2020-10-17T17:19:35.8125602
"Ellipse",176,68.749537023127,103.39181508147,149.30352406215,2020-10-17T17:19:35.8125602,2020-10-17T17:19:35.8125602
"Ellipse",177,68.749537023127,123.63442867812,275.86034353996,2020-10-17T17:19:36.3160145,2020-10-17T17:19:36.3160145
"Ellipse",177,68.749537023127,103.40886699507,149.29442970822,2020-10-17T17:19:36.3160145,2020-10-17T17:19:36.3160145
"Ellipse",178,68.749537023127,123.83719193428,276.44025392084,2020-10-17T17:19:36.8094584,2020-10-17T17:19:36.8094584
"Ellipse",178,68.749537023127,103.18302387268,149.44372868511,2020-10-17T17:19:36.8094584,2020-10-17T17:19:36.8094584
"Ellipse",179,68.749537023127,123.58625840179,275.62471994025,2020-10-17T17:19:37.3079078,2020-10-17T17:19:37.3079078
"Ellipse",179,68.749537023127,103.18757104964,148.83705949223,2020-10-17T17:19:37.3079078,2020-10-17T17:19:37.3079078
"Ellipse",180,68.749537023127,123.63629574309,276.04854368932,2020-10-17T17:19:37.8073575,2020-10-17T17:19:37.8073575
"Ellipse",180,68.749537023127,103.53580901857,149.20917014021,2020-10-17T17:19:37.8073575,2020-10-17T17:19:37.8073575
"Ellipse",181,68.749537023127,123.95929798357,276.17401045556,2020-10-17T17:19:38.3088093,2020-10-17T17:19:38.3088093
"Ellipse",181,68.749537023127,103.4122773778,149.23683213338,2020-10-17T17:19:38.3088093,2020-10-17T17:19:38.3088093
"Ellipse",182,68.749537023127,123.61090365945,275.77371172517,2020-10-17T17:19:38.8102614,2020-10-17T17:19:38.8102614
"Ellipse",182,68.749537023127,103.25388404699,149.05759757484,2020-10-17T17:19:38.8102614,2020-10-17T17:19:38.8102614
"Ellipse",183,68.749537023127,123.90440627334,275.91971620612,2020-10-17T17:19:39.3187195,2020-10-17T17:19:39.3187195
"Ellipse",183,68.749537023127,103.26032588102,149.03713527852,2020-10-17T17:19:39.3187195,2020-10-17T17:19:39.3187195
"Ellipse",184,68.749537023127,123.90253920836,275.88088125467,2020-10-17T17:19:39.8071595,2020-10-17T17:19:39.8071595
"Ellipse",184,68.749537023127,103.42591890868,149.58317544524,2020-10-17T17:19:39.8071595,2020-10-17T17:19:39.8071595
"Ellipse",185,68.749537023127,123.95220313667,275.43838685586,2020-10-17T17:19:40.3106128,2020-10-17T17:19:40.3106128
"Ellipse",185,68.749537023127,103.45017051914,149.16710875332,2020-10-17T17:19:40.3106128,2020-10-17T17:19:40.3106128
"Ellipse",186,68.749537023127,123.85474234503,276.63704256908,2020-10-17T17:19:40.8070601,2020-10-17T17:19:40.8070601
"Ellipse",186,68.749537023127,103.30238726791,148.57029177719,2020-10-17T17:19:40.8070601,2020-10-17T17:19:40.8070601
"Ellipse",187,68.749537023127,123.66206123973,275.83047050037,2020-10-17T17:19:41.3165185,2020-10-17T17:19:41.3165185
"Ellipse",187,68.749537023127,103.29556650246,149.15422508526,2020-10-17T17:19:41.3165185,2020-10-17T17:19:41.3165185
"Ellipse",188,68.749537023127,123.81964152353,276.10380881255,2020-10-17T17:19:41.8079622,2020-10-17T17:19:41.8079622
"Ellipse",188,68.749537023127,103.42553997726,149.09094353922,2020-10-17T17:19:41.8079622,2020-10-17T17:19:41.8079622
"Ellipse",189,68.749537023127,124.09783420463,276.49551904406,2020-10-17T17:19:42.3124167,2020-10-17T17:19:42.3124167
"Ellipse",189,68.749537023127,103.22243273967,148.99734748011,2020-10-17T17:19:42.3124167,2020-10-17T17:19:42.3124167
"Ellipse",190,68.749537023127,123.91187453323,275.3786407767,2020-10-17T17:19:42.8138685,2020-10-17T17:19:42.8138685
"Ellipse",190,68.749537023127,103.350132626,149.0367563471,2020-10-17T17:19:42.8138685,2020-10-17T17:19:42.8138685
"Ellipse",191,68.749537023127,123.8427931292,275.91822255415,2020-10-17T17:19:43.3083140,2020-10-17T17:19:43.3083140
"Ellipse",191,68.749537023127,103.56877605154,148.93179234559,2020-10-17T17:19:43.3083140,2020-10-17T17:19:43.3083140
"Ellipse",192,68.749537023127,123.83271097834,276.71097834205,2020-10-17T17:19:43.8187735,2020-10-17T17:19:43.8187735
"Ellipse",192,68.749537023127,103.42629784009,148.96475937855,2020-10-17T17:19:43.8187735,2020-10-17T17:19:43.8187735
"Ellipse",193,68.749537023127,123.88834951456,276.0858849888,2020-10-17T17:19:44.3072139,2020-10-17T17:19:44.3072139
"Ellipse",193,68.749537023127,103.46532777567,149.17165593028,2020-10-17T17:19:44.3072139,2020-10-17T17:19:44.3072139
"Ellipse",194,68.749537023127,123.80806572069,276.70164301718,2020-10-17T17:19:44.8216774,2020-10-17T17:19:44.8216774
"Ellipse",194,68.749537023127,103.40848806366,148.94240242516,2020-10-17T17:19:44.8216774,2020-10-17T17:19:44.8216774
"Ellipse",195,68.749537023127,123.94548170276,275.65496639283,2020-10-17T17:19:45.3071148,2020-10-17T17:19:45.3071148
"Ellipse",195,68.749537023127,103.32701780978,149.18302387268,2020-10-17T17:19:45.3071148,2020-10-17T17:19:45.3071148
"Ellipse",196,68.749537023127,124.23412994772,276.79424943988,2020-10-17T17:19:45.8105684,2020-10-17T17:19:45.8105684
"Ellipse",196,68.749537023127,103.53921940129,149.37173171656,2020-10-17T17:19:45.8105684,2020-10-17T17:19:45.8105684
"Ellipse",197,68.749537023127,123.95369678865,275.24122479462,2020-10-17T17:19:46.3070153,2020-10-17T17:19:46.3070153
"Ellipse",197,68.749537023127,103.25918908678,149.05456612353,2020-10-17T17:19:46.3070153,2020-10-17T17:19:46.3070153
"Ellipse",198,68.749537023127,124.18110530247,275.74047796863,2020-10-17T17:19:46.8074666,2020-10-17T17:19:46.8074666
"Ellipse",198,68.749537023127,103.42326638878,149.39787798409,2020-10-17T17:19:46.8074666,2020-10-17T17:19:46.8074666
"Ellipse",199,68.749537023127,124.02651232263,276.31740104556,2020-10-17T17:19:47.3069165,2020-10-17T17:19:47.3069165
"Ellipse",199,68.749537023127,103.35846911709,149.10079575597,2020-10-17T17:19:47.3069165,2020-10-17T17:19:47.3069165
"Ellipse",200,68.749537023127,124.19529499627,275.59484690067,2020-10-17T17:19:47.8073671,2020-10-17T17:19:47.8073671
"Ellipse",200,68.749537023127,103.27548313755,149.02614626753,2020-10-17T17:19:47.8073671,2020-10-17T17:19:47.8073671
"Ellipse",201,68.749537023127,124.16840926064,275.92307692308,2020-10-17T17:19:48.3068174,2020-10-17T17:19:48.3068174
"Ellipse",201,68.749537023127,103.43425539977,148.86282682834,2020-10-17T17:19:48.3068174,2020-10-17T17:19:48.3068174
"Ellipse",202,68.749537023127,124.06684092606,276.26885735624,2020-10-17T17:19:48.8072683,2020-10-17T17:19:48.8072683
"Ellipse",202,68.749537023127,103.29632436529,149.13717317166,2020-10-17T17:19:48.8072683,2020-10-17T17:19:48.8072683
"Ellipse",203,68.749537023127,123.88722927558,276.76587005228,2020-10-17T17:19:49.3187291,2020-10-17T17:19:49.3187291
"Ellipse",203,68.749537023127,103.40469874953,148.81280788177,2020-10-17T17:19:49.3187291,2020-10-17T17:19:49.3187291
"Ellipse",204,68.749537023127,124.28491411501,275.94361463779,2020-10-17T17:19:49.8081698,2020-10-17T17:19:49.8081698
"Ellipse",204,68.749537023127,103.40735126942,148.85449033725,2020-10-17T17:19:49.8081698,2020-10-17T17:19:49.8081698
"Ellipse",205,68.749537023127,123.74383868559,275.40216579537,2020-10-17T17:19:50.3146254,2020-10-17T17:19:50.3146254
"Ellipse",205,68.749537023127,103.39977264115,148.97877984085,2020-10-17T17:19:50.3146254,2020-10-17T17:19:50.3146254
"Ellipse",206,68.749537023127,124.44361463779,276.02800597461,2020-10-17T17:19:50.8090718,2020-10-17T17:19:50.8090718
"Ellipse",206,68.749537023127,103.07957559682,149.24706328155,2020-10-17T17:19:50.8090718,2020-10-17T17:19:50.8090718
"Ellipse",207,68.749537023127,124.09522031367,276.00149365198,2020-10-17T17:19:51.3075209,2020-10-17T17:19:51.3075209
"Ellipse",207,68.749537023127,103.27207275483,148.93065555135,2020-10-17T17:19:51.3075209,2020-10-17T17:19:51.3075209
"Ellipse",208,68.749537023127,124.2931292009,275.90067214339,2020-10-17T17:19:51.8139772,2020-10-17T17:19:51.8139772
"Ellipse",208,68.749537023127,103.44410761652,149.03410382721,2020-10-17T17:19:51.8139772,2020-10-17T17:19:51.8139772
"Ellipse",209,68.749537023127,124.1643017177,275.57542942494,2020-10-17T17:19:52.3094236,2020-10-17T17:19:52.3094236
"Ellipse",209,68.749537023127,103.34710117469,148.63774156878,2020-10-17T17:19:52.3094236,2020-10-17T17:19:52.3094236
"Ellipse",210,68.749537023127,124.04219566841,275.89357729649,2020-10-17T17:19:52.8098739,2020-10-17T17:19:52.8098739
"Ellipse",210,68.749537023127,103.24895793861,149.09018567639,2020-10-17T17:19:52.8098739,2020-10-17T17:19:52.8098739
"Ellipse",211,68.749537023127,124.214339059,275.21209858103,2020-10-17T17:19:53.3203344,2020-10-17T17:19:53.3203344
"Ellipse",211,68.749537023127,103.34975369458,149.00341038272,2020-10-17T17:19:53.3203344,2020-10-17T17:19:53.3203344
"Ellipse",212,68.749537023127,124.43801344287,275.52576549664,2020-10-17T17:19:53.8167817,2020-10-17T17:19:53.8167817
"Ellipse",212,68.749537023127,103.42440318302,149.18681318681,2020-10-17T17:19:53.8167817,2020-10-17T17:19:53.8167817
"Ellipse",213,68.749537023127,124.12696041822,275.18073188947,2020-10-17T17:19:54.3132290,2020-10-17T17:19:54.3132290
"Ellipse",213,68.749537023127,103.36415308829,149.1667298219,2020-10-17T17:19:54.3132290,2020-10-17T17:19:54.3132290
"Ellipse",214,68.749537023127,124.30918595967,276.73637042569,2020-10-17T17:19:54.8176835,2020-10-17T17:19:54.8176835
"Ellipse",214,68.749537023127,103.44979158772,149.12959454339,2020-10-17T17:19:54.8176835,2020-10-17T17:19:54.8176835
"Ellipse",215,68.749537023127,124.37640029873,274.99701269604,2020-10-17T17:19:55.3071244,2020-10-17T17:19:55.3071244
"Ellipse",215,68.749537023127,103.40545661235,148.55778704055,2020-10-17T17:19:55.3071244,2020-10-17T17:19:55.3071244
"Ellipse",216,68.749537023127,124.42905153099,275.51568334578,2020-10-17T17:19:55.8085762,2020-10-17T17:19:55.8085762
"Ellipse",216,68.749537023127,103.3842364532,149.08829101933,2020-10-17T17:19:55.8085762,2020-10-17T17:19:55.8085762
"Ellipse",217,68.749537023127,124.27707244212,275.82262882748,2020-10-17T17:19:56.3160331,2020-10-17T17:19:56.3160331
"Ellipse",217,68.749537023127,103.42970822281,148.74043198181,2020-10-17T17:19:56.3160331,2020-10-17T17:19:56.3160331
"Ellipse",218,68.749537023127,124.25354742345,275.47460791636,2020-10-17T17:19:56.8084771,2020-10-17T17:19:56.8084771
"Ellipse",218,68.749537023127,103.25198938992,148.81697612732,2020-10-17T17:19:56.8084771,2020-10-17T17:19:56.8084771
"Ellipse",219,68.749537023127,124.31852128454,275.34241971621,2020-10-17T17:19:57.3059253,2020-10-17T17:19:57.3059253
"Ellipse",219,68.749537023127,103.35202728306,148.62106858659,2020-10-17T17:19:57.3059253,2020-10-17T17:19:57.3059253
"Ellipse",220,68.749537023127,124.04630321135,275.38648244959,2020-10-17T17:19:57.8083780,2020-10-17T17:19:57.8083780
"Ellipse",220,68.749537023127,103.33762788935,149.13641530883,2020-10-17T17:19:57.8083780,2020-10-17T17:19:57.8083780
"Ellipse",221,68.749537023127,124.21620612397,275.93950709485,2020-10-17T17:19:58.3068270,2020-10-17T17:19:58.3068270
"Ellipse",221,68.749537023127,103.21220159151,149.06820765442,2020-10-17T17:19:58.3068270,2020-10-17T17:19:58.3068270
"Ellipse",222,68.749537023127,124.03136669156,275.43988050784,2020-10-17T17:19:58.8082785,2020-10-17T17:19:58.8082785
"Ellipse",222,68.749537023127,103.40204622963,149.25615763547,2020-10-17T17:19:58.8082785,2020-10-17T17:19:58.8082785
"Ellipse",223,68.749537023127,124.38685586258,274.82486930545,2020-10-17T17:19:59.3097306,2020-10-17T17:19:59.3097306
"Ellipse",223,68.749537023127,103.34861690034,148.9802955665,2020-10-17T17:19:59.3097306,2020-10-17T17:19:59.3097306
"Ellipse",224,68.749537023127,124.13256161314,275.05227781927,2020-10-17T17:19:59.8091803,2020-10-17T17:19:59.8091803
"Ellipse",224,68.749537023127,103.46570670709,149.0791966654,2020-10-17T17:19:59.8091803,2020-10-17T17:19:59.8091803
"Ellipse",225,68.749537023127,124.14339058999,275.79611650485,2020-10-17T17:20:00.3076294,2020-10-17T17:20:00.3076294
"Ellipse",225,68.749537023127,103.41379310345,148.60250094733,2020-10-17T17:20:00.3076294,2020-10-17T17:20:00.3076294
"Ellipse",226,68.749537023127,124.52464525766,275.82188200149,2020-10-17T17:20:00.8150869,2020-10-17T17:20:00.8150869
"Ellipse",226,68.749537023127,103.17696097006,148.72072754831,2020-10-17T17:20:00.8150869,2020-10-17T17:20:00.8150869
"Ellipse",227,68.749537023127,124.32001493652,274.97572815534,2020-10-17T17:20:01.3075306,2020-10-17T17:20:01.3075306
"Ellipse",227,68.749537023127,103.30996589617,149.06290261463,2020-10-17T17:20:01.3075306,2020-10-17T17:20:01.3075306
"Ellipse",228,68.749537023127,124.27669902913,275.3502613891,2020-10-17T17:20:01.8069805,2020-10-17T17:20:01.8069805
"Ellipse",228,68.749537023127,103.33004926108,149.03789314134,2020-10-17T17:20:01.8069805,2020-10-17T17:20:01.8069805
"Ellipse",229,68.749537023127,124.47610156834,274.98954443615,2020-10-17T17:20:02.3094336,2020-10-17T17:20:02.3094336
"Ellipse",229,68.749537023127,103.2542629784,148.42970822281,2020-10-17T17:20:02.3094336,2020-10-17T17:20:02.3094336
"Ellipse",230,68.749537023127,124.39955190441,275.9002987304,2020-10-17T17:20:02.8078823,2020-10-17T17:20:02.8078823
"Ellipse",230,68.749537023127,103.32929139826,149.09435392194,2020-10-17T17:20:02.8078823,2020-10-17T17:20:02.8078823
"Ellipse",231,68.749537023127,124.07206870799,275.4854368932,2020-10-17T17:20:03.3083332,2020-10-17T17:20:03.3083332
"Ellipse",231,68.749537023127,103.34975369458,148.76695718075,2020-10-17T17:20:03.3083332,2020-10-17T17:20:03.3083332
"Ellipse",232,68.749537023127,124.49551904406,276.6926811053,2020-10-17T17:20:03.8177916,2020-10-17T17:20:03.8177916
"Ellipse",232,68.749537023127,103.51383099659,148.86055323986,2020-10-17T17:20:03.8177916,2020-10-17T17:20:03.8177916
"Ellipse",233,68.749537023127,124.49551904406,275.67625093353,2020-10-17T17:20:04.3062323,2020-10-17T17:20:04.3062323
"Ellipse",233,68.749537023127,103.33800682077,148.61083743842,2020-10-17T17:20:04.3062323,2020-10-17T17:20:04.3062323
"Ellipse",234,68.749537023127,124.22815533981,275.79873039582,2020-10-17T17:20:04.8156910,2020-10-17T17:20:04.8156910
"Ellipse",234,68.749537023127,103.4831375521,148.59454338765,2020-10-17T17:20:04.8156910,2020-10-17T17:20:04.8156910
"Ellipse",235,68.749537023127,124.38722927558,274.82337565347,2020-10-17T17:20:05.3101364,2020-10-17T17:20:05.3101364
"Ellipse",235,68.749537023127,103.45395983327,148.9151193634,2020-10-17T17:20:05.3101364,2020-10-17T17:20:05.3101364
"Ellipse",236,68.749537023127,124.59820761763,275.50186706497,2020-10-17T17:20:05.8075849,2020-10-17T17:20:05.8075849
"Ellipse",236,68.749537023127,103.40583554377,148.75786282683,2020-10-17T17:20:05.8075849,2020-10-17T17:20:05.8075849
"Ellipse",237,68.749537023127,124.40589992532,275.17699775952,2020-10-17T17:20:06.3080358,2020-10-17T17:20:06.3080358
"Ellipse",237,68.749537023127,103.40280409246,148.31868131868,2020-10-17T17:20:06.3080358,2020-10-17T17:20:06.3080358
"Ellipse",238,68.749537023127,124.213965646,275.43091859597,2020-10-17T17:20:06.8144921,2020-10-17T17:20:06.8144921
"Ellipse",238,68.749537023127,103.39295187571,148.89693065555,2020-10-17T17:20:06.8144921,2020-10-17T17:20:06.8144921
"Ellipse",239,68.749537023127,124.2998506348,275.24010455564,2020-10-17T17:20:07.3079367,2020-10-17T17:20:07.3079367
"Ellipse",239,68.749537023127,103.21258052293,148.70935960591,2020-10-17T17:20:07.3079367,2020-10-17T17:20:07.3079367
"Ellipse",240,68.749537023127,124.41859596714,275.29499626587,2020-10-17T17:20:07.8063858,2020-10-17T17:20:07.8063858
"Ellipse",240,68.749537023127,103.2599469496,148.74156877605,2020-10-17T17:20:07.8063858,2020-10-17T17:20:07.8063858
"Ellipse",241,68.749537023127,124.64152352502,274.77781926811,2020-10-17T17:20:08.3088381,2020-10-17T17:20:08.3088381
"Ellipse",241,68.749537023127,103.37703675635,148.55892383479,2020-10-17T17:20:08.3088381,2020-10-17T17:20:08.3088381
"Ellipse",242,68.749537023127,124.29798356983,274.72255414488,2020-10-17T17:20:08.8072875,2020-10-17T17:20:08.8072875
"Ellipse",242,68.749537023127,103.39219401288,148.72754831376,2020-10-17T17:20:08.8072875,2020-10-17T17:20:08.8072875
"Ellipse",243,68.749537023127,124.17438386856,275.75130694548,2020-10-17T17:20:09.3167462,2020-10-17T17:20:09.3167462
"Ellipse",243,68.749537023127,103.43273967412,148.65289882531,2020-10-17T17:20:09.3167462,2020-10-17T17:20:09.3167462
"Ellipse",244,68.749537023127,124.66131441374,275.23039581777,2020-10-17T17:20:09.8071884,2020-10-17T17:20:09.8071884
"Ellipse",244,68.749537023127,103.23910572186,148.64153088291,2020-10-17T17:20:09.8071884,2020-10-17T17:20:09.8071884
"Ellipse",245,68.749537023127,124.38013442868,274.96788648245,2020-10-17T17:20:10.3166471,2020-10-17T17:20:10.3166471
"Ellipse",245,68.749537023127,103.42819249716,148.52671466465,2020-10-17T17:20:10.3166471,2020-10-17T17:20:10.3166471
"Ellipse",246,68.749537023127,124.55339805825,274.86221060493,2020-10-17T17:20:10.8080899,2020-10-17T17:20:10.8080899
"Ellipse",246,68.749537023127,103.38802576734,148.46798029557,2020-10-17T17:20:10.8080899,2020-10-17T17:20:10.8080899
"Ellipse",247,68.749537023127,124.4212098581,275.34241971621,2020-10-17T17:20:11.3085401,2020-10-17T17:20:11.3085401
"Ellipse",247,68.749537023127,103.35240621448,149.01288366806,2020-10-17T17:20:11.3085401,2020-10-17T17:20:11.3085401
"Ellipse",248,68.749537023127,124.4503360717,274.69790888723,2020-10-17T17:20:11.8069905,2020-10-17T17:20:11.8069905
"Ellipse",248,68.749537023127,103.47631678666,148.92194012884,2020-10-17T17:20:11.8069905,2020-10-17T17:20:11.8069905
"Ellipse",249,68.749537023127,124.39731142644,275.22292755788,2020-10-17T17:20:12.3084420,2020-10-17T17:20:12.3084420
"Ellipse",249,68.749537023127,103.39636225843,148.82417582418,2020-10-17T17:20:12.3084420,2020-10-17T17:20:12.3084420
"Ellipse",250,68.749537023127,124.11725168036,275.12733383122,2020-10-17T17:20:12.8078919,2020-10-17T17:20:12.8078919
"Ellipse",250,68.749537023127,103.30049261084,148.57673361122,2020-10-17T17:20:12.8078919,2020-10-17T17:20:12.8078919
"Ellipse",251,68.749537023127,124.07468259895,275.38013442868,2020-10-17T17:20:13.3083428,2020-10-17T17:20:13.3083428
"Ellipse",251,68.749537023127,103.37893141341,148.92951875711,2020-10-17T17:20:13.3083428,2020-10-17T17:20:13.3083428
"Ellipse",252,68.749537023127,124.35399551904,274.63330843913,2020-10-17T17:20:13.8077928,2020-10-17T17:20:13.8077928
"Ellipse",252,68.749537023127,103.30125047366,148.81887078439,2020-10-17T17:20:13.8077928,2020-10-17T17:20:13.8077928
"Ellipse",253,68.749537023127,124.46676624347,274.93950709485,2020-10-17T17:20:14.3082437,2020-10-17T17:20:14.3082437
"Ellipse",253,68.749537023127,103.38309965896,148.74081091323,2020-10-17T17:20:14.3082437,2020-10-17T17:20:14.3082437
"Ellipse",254,68.749537023127,124.53286034354,274.18110530247,2020-10-17T17:20:14.8157009,2020-10-17T17:20:14.8157009
"Ellipse",254,68.749537023127,103.3868889731,149.19098143236,2020-10-17T17:20:14.8157009,2020-10-17T17:20:14.8157009
"Ellipse",255,68.749537023127,124.21359223301,275.44025392084,2020-10-17T17:20:15.3091448,2020-10-17T17:20:15.3091448
"Ellipse",255,68.749537023127,103.3899204244,148.70367563471,2020-10-17T17:20:15.3091448,2020-10-17T17:20:15.3091448
"Ellipse",256,68.749537023127,124.48805078417,274.36855862584,2020-10-17T17:20:15.8065937,2020-10-17T17:20:15.8065937
"Ellipse",256,68.749537023127,103.31034482759,148.5111784767,2020-10-17T17:20:15.8065937,2020-10-17T17:20:15.8065937
"Ellipse",257,68.749537023127,124.41822255415,274.43502613891,2020-10-17T17:20:16.3230590,2020-10-17T17:20:16.3230590
"Ellipse",257,68.749537023127,103.36566881395,148.73133762789,2020-10-17T17:20:16.3230590,2020-10-17T17:20:16.3230590
"Ellipse",258,68.749537023127,124.41896938013,274.65758028379,2020-10-17T17:20:16.8074954,2020-10-17T17:20:16.8074954
"Ellipse",258,68.749537023127,103.23834785904,148.59075407351,2020-10-17T17:20:16.8074954,2020-10-17T17:20:16.8074954
"Ellipse",259,68.749537023127,124.26699029126,273.86221060493,2020-10-17T17:20:17.3079463,2020-10-17T17:20:17.3079463
"Ellipse",259,68.749537023127,103.21712769989,148.87343690792,2020-10-17T17:20:17.3079463,2020-10-17T17:20:17.3079463
"Ellipse",260,68.749537023127,124.49663928305,274.73263629574,2020-10-17T17:20:17.8073953,2020-10-17T17:20:17.8073953
"Ellipse",260,68.749537023127,103.2569154983,148.74801061008,2020-10-17T17:20:17.8073953,2020-10-17T17:20:17.8073953
"Ellipse",261,68.749537023127,124.43465272592,274.54331590739,2020-10-17T17:20:18.3108499,2020-10-17T17:20:18.3108499
"Ellipse",261,68.749537023127,103.3558165972,148.42781356575,2020-10-17T17:20:18.3108499,2020-10-17T17:20:18.3108499
"Ellipse",262,68.749537023127,124.18745332338,274.41336818521,2020-10-17T17:20:18.8062963,2020-10-17T17:20:18.8062963
"Ellipse",262,68.749537023127,103.3164077302,148.49981053429,2020-10-17T17:20:18.8062963,2020-10-17T17:20:18.8062963
"Ellipse",263,68.749537023127,124.46995147443,276.06308324002,2020-10-17T17:20:19.3207595,2020-10-17T17:20:19.3207595
"Ellipse",263,68.749537023127,103.22508525957,148.90413035241,2020-10-17T17:20:19.3207595,2020-10-17T17:20:19.3207595
"Ellipse",264,68.749537023127,124.3318402389,276.60432997387,2020-10-17T17:20:19.8071980,2020-10-17T17:20:19.8071980
"Ellipse",264,68.749537023127,103.26676771504,148.68700265252,2020-10-17T17:20:19.8071980,2020-10-17T17:20:19.8071980
"Ellipse",265,68.749537023127,124.42291899963,274.94438223218,2020-10-17T17:20:20.3126534,2020-10-17T17:20:20.3126534
"Ellipse",265,68.749537023127,103.32360742706,148.76430466086,2020-10-17T17:20:20.3126534,2020-10-17T17:20:20.3126534
"Ellipse",266,68.749537023127,124.5233296006,275.65546845838,2020-10-17T17:20:20.8070989,2020-10-17T17:20:20.8070989
"Ellipse",266,68.749537023127,103.44789693066,148.37135278515,2020-10-17T17:20:20.8070989,2020-10-17T17:20:20.8070989
"Ellipse",267,68.749537023127,124.30757745427,275.71668533035,2020-10-17T17:20:21.3075565,2020-10-17T17:20:21.3075565
"Ellipse",267,68.749537023127,103.33990147783,148.26790450928,2020-10-17T17:20:21.3075565,2020-10-17T17:20:21.3075565
"Ellipse",268,68.749537023127,124.4061216872,276.10003732736,2020-10-17T17:20:21.8069995,2020-10-17T17:20:21.8069995
"Ellipse",268,68.749537023127,103.41758241758,148.36794240243,2020-10-17T17:20:21.8069995,2020-10-17T17:20:21.8069995
"Ellipse",269,68.749537023127,124.77640910788,275.2851810377,2020-10-17T17:20:22.3074507,2020-10-17T17:20:22.3074507
"Ellipse",269,68.749537023127,103.24630541872,148.51951496779,2020-10-17T17:20:22.3074507,2020-10-17T17:20:22.3074507
"Ellipse",270,68.749537023127,124.48898842852,276.37999253453,2020-10-17T17:20:22.8129061,2020-10-17T17:20:22.8129061
"Ellipse",270,68.749537023127,103.45130731338,148.77264115195,2020-10-17T17:20:22.8129061,2020-10-17T17:20:22.8129061
"Ellipse",271,68.749537023127,124.46285927585,275.78611422173,2020-10-17T17:20:23.3083524,2020-10-17T17:20:23.3083524
"Ellipse",271,68.749537023127,103.24554755589,149.04926108374,2020-10-17T17:20:23.3083524,2020-10-17T17:20:23.3083524
"Ellipse",272,68.749537023127,124.40985442329,275.97200447928,2020-10-17T17:20:23.8078024,2020-10-17T17:20:23.8078024
"Ellipse",272,68.749537023127,103.34861690034,148.56460780599,2020-10-17T17:20:23.8078024,2020-10-17T17:20:23.8078024
"Ellipse",273,68.749537023127,124.37775289287,275.80403135498,2020-10-17T17:20:24.3072524,2020-10-17T17:20:24.3072524
"Ellipse",273,68.749537023127,103.36377415688,148.88328912467,2020-10-17T17:20:24.3072524,2020-10-17T17:20:24.3072524
"Ellipse",274,68.749537023127,124.68122433744,276.30907054871,2020-10-17T17:20:24.8197138,2020-10-17T17:20:24.8197138
"Ellipse",274,68.749537023127,103.31110269041,148.12694202349,2020-10-17T17:20:24.8197138,2020-10-17T17:20:24.8197138
"Ellipse",275,68.749537023127,124.59126539754,275.72377752893,2020-10-17T17:20:25.3081542,2020-10-17T17:20:25.3081542
"Ellipse",275,68.749537023127,103.23039029936,148.29215611974,2020-10-17T17:20:25.3081542,2020-10-17T17:20:25.3081542
"Ellipse",276,68.749537023127,124.74841358716,276.32848077641,2020-10-17T17:20:25.8226174,2020-10-17T17:20:25.8226174
"Ellipse",276,68.749537023127,103.27661993179,148.94316028799,2020-10-17T17:20:25.8226174,2020-10-17T17:20:25.8226174
"Ellipse",277,68.749537023127,124.39007092199,276.03620754013,2020-10-17T17:20:26.3070542,2020-10-17T17:20:26.3070542
"Ellipse",277,68.749537023127,103.31451307313,148.62599469496,2020-10-17T17:20:26.3070542,2020-10-17T17:20:26.3070542
"Ellipse",278,68.749537023127,124.67525195969,276.43075774543,2020-10-17T17:20:26.8105078,2020-10-17T17:20:26.8105078
"Ellipse",278,68.749537023127,103.26904130352,148.66237211065,2020-10-17T17:20:26.8105078,2020-10-17T17:20:26.8105078
"Ellipse",279,68.749537023127,124.48226950355,276.18327734229,2020-10-17T17:20:27.3059541,2020-10-17T17:20:27.3059541
"Ellipse",279,68.749537023127,103.3531640773,148.31223948465,2020-10-17T17:20:27.3059541,2020-10-17T17:20:27.3059541
"Ellipse",280,68.749537023127,124.44830160508,276.07129525943,2020-10-17T17:20:27.8104083,2020-10-17T17:20:27.8104083
"Ellipse",280,68.749537023127,103.25123152709,148.79045092838,2020-10-17T17:20:27.8104083,2020-10-17T17:20:27.8104083
"Ellipse",281,68.749537023127,124.7226577081,275.80664427025,2020-10-17T17:20:28.3068559,2020-10-17T17:20:28.3068559
"Ellipse",281,68.749537023127,103.37362637363,148.50776809398,2020-10-17T17:20:28.3068559,2020-10-17T17:20:28.3068559
"Ellipse",282,68.749537023127,124.70474057484,276.45390070922,2020-10-17T17:20:28.8183167,2020-10-17T17:20:28.8183167
"Ellipse",282,68.749537023127,103.38802576734,148.62561576355,2020-10-17T17:20:28.8183167,2020-10-17T17:20:28.8183167
"Ellipse",283,68.749537023127,124.58230683091,276.66330720418,2020-10-17T17:20:29.3207691,2020-10-17T17:20:29.3207691
"Ellipse",283,68.749537023127,103.33232284956,148.62334217507,2020-10-17T17:20:29.3207691,2020-10-17T17:20:29.3207691
"Ellipse",284,68.749537023127,124.72527062337,276.46808510638,2020-10-17T17:20:29.8132131,2020-10-17T17:20:29.8132131
"Ellipse",284,68.749537023127,103.19439181508,148.57483895415,2020-10-17T17:20:29.8132131,2020-10-17T17:20:29.8132131
"Ellipse",285,68.749537023127,124.76035834267,276.56364315043,2020-10-17T17:20:30.3196694,2020-10-17T17:20:30.3196694
"Ellipse",285,68.749537023127,103.22925350512,148.07086017431,2020-10-17T17:20:30.3196694,2020-10-17T17:20:30.3196694
"Ellipse",286,68.749537023127,124.77192982456,277.07204180664,2020-10-17T17:20:30.8081094,2020-10-17T17:20:30.8081094
"Ellipse",286,68.749537023127,103.21940128837,148.81508147025,2020-10-17T17:20:30.8081094,2020-10-17T17:20:30.8081094
"Ellipse",287,68.749537023127,124.76110488988,276.71407241508,2020-10-17T17:20:31.3065585,2020-10-17T17:20:31.3065585
"Ellipse",287,68.749537023127,103.2231906025,148.60363774157,2020-10-17T17:20:31.3065585,2020-10-17T17:20:31.3065585
"Ellipse",288,68.749537023127,124.69354236656,276.04740574841,2020-10-17T17:20:31.8080103,2020-10-17T17:20:31.8080103
"Ellipse",288,68.749537023127,103.41492989769,148.54641909814,2020-10-17T17:20:31.8080103,2020-10-17T17:20:31.8080103
"Ellipse",289,68.749537023127,124.67898469578,275.84919746174,2020-10-17T17:20:32.3234744,2020-10-17T17:20:32.3234744
"Ellipse",289,68.749537023127,103.14172034862,148.58431223949,2020-10-17T17:20:32.3234744,2020-10-17T17:20:32.3234744
"Ellipse",290,68.749537023127,124.31877566256,276.47181784248,2020-10-17T17:20:32.8099130,2020-10-17T17:20:32.8099130
"Ellipse",290,68.749537023127,103.26297840091,148.61993179235,2020-10-17T17:20:32.8099130,2020-10-17T17:20:32.8099130
"Ellipse",291,68.749537023127,124.51698394924,275.94550205301,2020-10-17T17:20:33.3063603,2020-10-17T17:20:33.3063603
"Ellipse",291,68.749537023127,103.25615763547,148.51458885942,2020-10-17T17:20:33.3063603,2020-10-17T17:20:33.3063603
"Ellipse",292,68.749537023127,124.75662560657,276.87196715192,2020-10-17T17:20:33.8108148,2020-10-17T17:20:33.8108148
"Ellipse",292,68.749537023127,103.19931792346,148.68965517241,2020-10-17T17:20:33.8108148,2020-10-17T17:20:33.8108148
"Ellipse",293,68.749537023127,124.67077267637,276.17394550205,2020-10-17T17:20:34.3132675,2020-10-17T17:20:34.3132675
"Ellipse",293,68.749537023127,103.26411519515,148.65403561955,2020-10-17T17:20:34.3132675,2020-10-17T17:20:34.3132675
"Ellipse",294,68.749537023127,124.67114594998,276.31354983203,2020-10-17T17:20:34.8177219,2020-10-17T17:20:34.8177219
"Ellipse",294,68.749537023127,103.16786661614,148.35202728306,2020-10-17T17:20:34.8177219,2020-10-17T17:20:34.8177219
"Ellipse",295,68.749537023127,124.91265397536,274.91937290034,2020-10-17T17:20:35.3071629,2020-10-17T17:20:35.3071629
"Ellipse",295,68.749537023127,103.33421750663,148.35809018568,2020-10-17T17:20:35.3071629,2020-10-17T17:20:35.3071629
"Ellipse",296,68.749537023127,124.89361702128,275.38223217619,2020-10-17T17:20:35.8126183,2020-10-17T17:20:35.8126183
"Ellipse",296,68.749537023127,103.25236832133,148.37589996211,2020-10-17T17:20:35.8126183,2020-10-17T17:20:35.8126183
"Ellipse",297,68.749537023127,124.80029861889,275.73124300112,2020-10-17T17:20:36.3070638,2020-10-17T17:20:36.3070638
"Ellipse",297,68.749537023127,103.51913603638,148.54111405836,2020-10-17T17:20:36.3070638,2020-10-17T17:20:36.3070638
"Ellipse",298,68.749537023127,124.81112355357,276.44344904815,2020-10-17T17:20:36.8065138,2020-10-17T17:20:36.8065138
"Ellipse",298,68.749537023127,103.54376657825,148.36415308829,2020-10-17T17:20:36.8065138,2020-10-17T17:20:36.8065138
"Ellipse",299,68.749537023127,124.64725643897,276.51735722284,2020-10-17T17:20:37.3179746,2020-10-17T17:20:37.3179746
"Ellipse",299,68.749537023127,103.25881015536,148.36339522546,2020-10-17T17:20:37.3179746,2020-10-17T17:20:37.3179746
"Ellipse",300,68.749537023127,124.87980589772,275.65658827921,2020-10-17T17:20:37.8074155,2020-10-17T17:20:37.8074155
"Ellipse",300,68.749537023127,103.42326638878,148.68397120121,2020-10-17T17:20:37.8074155,2020-10-17T17:20:37.8074155
"Ellipse",301,68.749537023127,124.72900335946,275.73460246361,2020-10-17T17:20:38.3068655,2020-10-17T17:20:38.3068655
"Ellipse",301,68.749537023127,103.25881015536,148.30617658204,2020-10-17T17:20:38.3068655,2020-10-17T17:20:38.3068655
"Ellipse",302,68.749537023127,124.47405748414,276.11795446062,2020-10-17T17:20:38.8073164,2020-10-17T17:20:38.8073164
"Ellipse",302,68.749537023127,103.52216748769,148.50018946571,2020-10-17T17:20:38.8073164,2020-10-17T17:20:38.8073164
"Ellipse",303,68.749537023127,124.62597984323,276.61179544606,2020-10-17T17:20:39.3107700,2020-10-17T17:20:39.3107700
"Ellipse",303,68.749537023127,103.35467980296,148.20803334596,2020-10-17T17:20:39.3107700,2020-10-17T17:20:39.3107700
"Ellipse",304,68.749537023127,124.87458006719,275.28443449048,2020-10-17T17:20:39.8072170,2020-10-17T17:20:39.8072170
"Ellipse",304,68.749537023127,103.31337627889,148.16331943918,2020-10-17T17:20:39.8072170,2020-10-17T17:20:39.8072170
"Ellipse",305,68.749537023127,124.63456513625,276.35460992908,2020-10-17T17:20:40.3166763,2020-10-17T17:20:40.3166763
"Ellipse",305,68.749537023127,103.3050397878,148.17392951876,2020-10-17T17:20:40.3166763,2020-10-17T17:20:40.3166763
"Ellipse",306,68.749537023127,124.73534901083,276.08809257186,2020-10-17T17:20:40.8071182,2020-10-17T17:20:40.8071182
"Ellipse",306,68.749537023127,103.32853353543,148.32322849564,2020-10-17T17:20:40.8071182,2020-10-17T17:20:40.8071182
"Ellipse",307,68.749537023127,124.70138111236,275.84882418813,2020-10-17T17:20:41.3085690,2020-10-17T17:20:41.3085690
"Ellipse",307,68.749537023127,103.27510420614,148.4293292914,2020-10-17T17:20:41.3085690,2020-10-17T17:20:41.3085690
"Ellipse",308,68.749537023127,124.89772303098,276.40500186637,2020-10-17T17:20:41.8060181,2020-10-17T17:20:41.8060181
"Ellipse",308,68.749537023127,103.33876468359,148.07578628268,2020-10-17T17:20:41.8060181,2020-10-17T17:20:41.8060181
"Ellipse",309,68.749537023127,124.62000746547,275.76521089959,2020-10-17T17:20:42.3124744,2020-10-17T17:20:42.3124744
"Ellipse",309,68.749537023127,103.26070481243,148.34217506631,2020-10-17T17:20:42.3124744,2020-10-17T17:20:42.3124744
"Ellipse",310,68.749537023127,124.41097424412,276.14968271743,2020-10-17T17:20:42.8119244,2020-10-17T17:20:42.8119244
"Ellipse",310,68.749537023127,103.50738916256,148.82417582418,2020-10-17T17:20:42.8119244,2020-10-17T17:20:42.8119244
"Ellipse",311,68.749537023127,124.5311683464,276.88988428518,2020-10-17T17:20:43.3083707,2020-10-17T17:20:43.3083707
"Ellipse",311,68.749537023127,103.24554755589,148.13982569155,2020-10-17T17:20:43.3083707,2020-10-17T17:20:43.3083707
"Ellipse",312,68.749537023127,124.50093318402,276.19036954087,2020-10-17T17:20:43.8078207,2020-10-17T17:20:43.8078207
"Ellipse",312,68.749537023127,103.35164835165,148.34710117469,2020-10-17T17:20:43.8078207,2020-10-17T17:20:43.8078207
"Ellipse",313,68.749537023127,124.52258305338,276.08846584547,2020-10-17T17:20:44.3082716,2020-10-17T17:20:44.3082716
"Ellipse",313,68.749537023127,103.11746873816,148.16331943918,2020-10-17T17:20:44.3082716,2020-10-17T17:20:44.3082716
"Ellipse",314,68.749537023127,124.54759238522,275.56028368794,2020-10-17T17:20:44.8077226,2020-10-17T17:20:44.8077226
"Ellipse",314,68.749537023127,103.38385752179,148.33156498674,2020-10-17T17:20:44.8077226,2020-10-17T17:20:44.8077226
"Ellipse",315,68.749537023127,124.45912653975,275.25718551698,2020-10-17T17:20:45.3071725,2020-10-17T17:20:45.3071725
"Ellipse",315,68.749537023127,103.23190602501,148.1667298219,2020-10-17T17:20:45.3071725,2020-10-17T17:20:45.3071725
"Ellipse",316,68.749537023127,124.57932064203,275.18663680478,2020-10-17T17:20:45.8076234,2020-10-17T17:20:45.8076234
"Ellipse",316,68.749537023127,103.25047366427,148.29973474801,2020-10-17T17:20:45.8076234,2020-10-17T17:20:45.8076234
"Ellipse",317,68.749537023127,124.69279581934,275.0313549832,2020-10-17T17:20:46.3070734,2020-10-17T17:20:46.3070734
"Ellipse",317,68.749537023127,103.42175066313,148.21902235695,2020-10-17T17:20:46.3070734,2020-10-17T17:20:46.3070734
"Ellipse",318,68.749537023127,124.61030235162,274.92758491975,2020-10-17T17:20:46.8065234,2020-10-17T17:20:46.8065234
"Ellipse",318,68.749537023127,103.203486169,148.1978021978,2020-10-17T17:20:46.8065234,2020-10-17T17:20:46.8065234
"Ellipse",319,68.749537023127,124.58566629339,274.80328480776,2020-10-17T17:20:47.3079752,2020-10-17T17:20:47.3079752
"Ellipse",319,68.749537023127,103.31261841607,147.94884425919,2020-10-17T17:20:47.3079752,2020-10-17T17:20:47.3079752
"Ellipse",320,68.749537023127,124.69652855543,275.38633818589,2020-10-17T17:20:47.8074255,2020-10-17T17:20:47.8074255
"Ellipse",320,68.749537023127,103.25464190981,148.5054945055,2020-10-17T17:20:47.8074255,2020-10-17T17:20:47.8074255
"Ellipse",321,68.749537023127,124.75251959687,275.32586786114,2020-10-17T17:20:48.3118797,2020-10-17T17:20:48.3118797
"Ellipse",321,68.749537023127,103.10306934445,147.94846532778,2020-10-17T17:20:48.3118797,2020-10-17T17:20:48.3118797
"Ellipse",322,68.749537023127,124.68309070549,275.25419932811,2020-10-17T17:20:48.8073260,2020-10-17T17:20:48.8073260
"Ellipse",322,68.749537023127,103.36870026525,148.38575217886,2020-10-17T17:20:48.8073260,2020-10-17T17:20:48.8073260
"Ellipse",323,68.749537023127,124.96117954461,275.07876073162,2020-10-17T17:20:49.3237917,2020-10-17T17:20:49.3237917
"Ellipse",323,68.749537023127,103.34217506631,148.13073133763,2020-10-17T17:20:49.3237917,2020-10-17T17:20:49.3237917
"Ellipse",324,68.749537023127,124.50130645763,275.57484135872,2020-10-17T17:20:49.8072266,2020-10-17T17:20:49.8072266
"Ellipse",324,68.749537023127,103.29064039409,148.3220917014,2020-10-17T17:20:49.8072266,2020-10-17T17:20:49.8072266
"Ellipse",325,68.749537023127,124.81112355357,274.89622993654,2020-10-17T17:20:50.3196886,2020-10-17T17:20:50.3196886
"Ellipse",325,68.749537023127,103.15119363395,148.36112163698,2020-10-17T17:20:50.3196886,2020-10-17T17:20:50.3196886
"Ellipse",326,68.749537023127,124.77752892871,275.01903695409,2020-10-17T17:20:50.8221413,2020-10-17T17:20:50.8221413
"Ellipse",326,68.749537023127,103.26676771504,148.33421750663,2020-10-17T17:20:50.8221413,2020-10-17T17:20:50.8221413
"Ellipse",327,68.749537023127,125.0313549832,274.46808510638,2020-10-17T17:20:51.3085793,2020-10-17T17:20:51.3085793
"Ellipse",327,68.749537023127,103.32588101554,148.25009473285,2020-10-17T17:20:51.3085793,2020-10-17T17:20:51.3085793
"Ellipse",328,68.749537023127,124.4882418813,274.54945875327,2020-10-17T17:20:51.8060278,2020-10-17T17:20:51.8060278
"Ellipse",328,68.749537023127,103.51193633952,148.4039408867,2020-10-17T17:20:51.8060278,2020-10-17T17:20:51.8060278
"Ellipse",329,68.749537023127,124.35908921239,274.37551325121,2020-10-17T17:20:52.3084808,2020-10-17T17:20:52.3084808
"Ellipse",329,68.749537023127,103.10041682456,148.45130731338,2020-10-17T17:20:52.3084808,2020-10-17T17:20:52.3084808
"Ellipse",330,68.749537023127,124.71593878313,275.78686076894,2020-10-17T17:20:52.8059286,2020-10-17T17:20:52.8059286
"Ellipse",330,68.749537023127,103.21788556271,148.59719590754,2020-10-17T17:20:52.8059286,2020-10-17T17:20:52.8059286
"Ellipse",331,68.749537023127,124.72041806644,275.22433743934,2020-10-17T17:20:53.3083816,2020-10-17T17:20:53.3083816
"Ellipse",331,68.749537023127,103.25464190981,148.23266388784,2020-10-17T17:20:53.3083816,2020-10-17T17:20:53.3083816
"Ellipse",332,68.749537023127,124.90556177678,275.37476670399,2020-10-17T17:20:53.8068298,2020-10-17T17:20:53.8068298
"Ellipse",332,68.749537023127,103.36832133384,148.33535430087,2020-10-17T17:20:53.8068298,2020-10-17T17:20:53.8068298
"Ellipse",333,68.749537023127,124.79731243001,274.63717805151,2020-10-17T17:20:54.3142876,2020-10-17T17:20:54.3142876
"Ellipse",333,68.749537023127,103.27093596059,148.58772262221,2020-10-17T17:20:54.3142876,2020-10-17T17:20:54.3142876
"Ellipse",334,68.749537023127,124.91825307951,275.03023516237,2020-10-17T17:20:54.8207436,2020-10-17T17:20:54.8207436
"Ellipse",334,68.749537023127,103.24782114437,148.74725274725,2020-10-17T17:20:54.8207436,2020-10-17T17:20:54.8207436
"Ellipse",335,68.749537023127,124.58641284061,274.960806271,2020-10-17T17:20:55.3071818,2020-10-17T17:20:55.3071818
"Ellipse",335,68.749537023127,103.2345585449,148.16483516484,2020-10-17T17:20:55.3071818,2020-10-17T17:20:55.3071818
"Ellipse",336,68.749537023127,124.87271369914,274.3475177305,2020-10-17T17:20:55.8076331,2020-10-17T17:20:55.8076331
"Ellipse",336,68.749537023127,103.3474801061,148.46987495263,2020-10-17T17:20:55.8076331,2020-10-17T17:20:55.8076331
"Ellipse",337,68.749537023127,124.62859275849,274.86375513251,2020-10-17T17:20:56.3070827,2020-10-17T17:20:56.3070827
"Ellipse",337,68.749537023127,103.24971580144,148.11330049261,2020-10-17T17:20:56.3070827,2020-10-17T17:20:56.3070827
"Ellipse",338,68.749537023127,124.63232549459,274.36020903322,2020-10-17T17:20:56.8065330,2020-10-17T17:20:56.8065330
"Ellipse",338,68.749537023127,103.26790450928,148.54679802956,2020-10-17T17:20:56.8065330,2020-10-17T17:20:56.8065330
"Ellipse",339,68.749537023127,124.54871220605,274.85255692423,2020-10-17T17:20:57.3069839,2020-10-17T17:20:57.3069839
"Ellipse",339,68.749537023127,103.3812050019,147.87987874195,2020-10-17T17:20:57.3069839,2020-10-17T17:20:57.3069839
"Ellipse",340,68.749537023127,124.93990294886,275.02687569989,2020-10-17T17:20:57.8074345,2020-10-17T17:20:57.8074345
"Ellipse",340,68.749537023127,103.10572186434,148.27055702918,2020-10-17T17:20:57.8074345,2020-10-17T17:20:57.8074345
"Ellipse",341,68.749537023127,124.50727883539,275.16610675625,2020-10-17T17:20:58.3068848,2020-10-17T17:20:58.3068848
"Ellipse",341,68.749537023127,103.1947707465,148.31830238727,2020-10-17T17:20:58.3068848,2020-10-17T17:20:58.3068848
"Ellipse",342,68.749537023127,124.83501306458,275.16909294513,2020-10-17T17:20:58.8073357,2020-10-17T17:20:58.8073357
"Ellipse",342,68.749537023127,103.39787798409,148.39370973854,2020-10-17T17:20:58.8073357,2020-10-17T17:20:58.8073357
"Ellipse",343,68.749537023127,124.69503546099,274.45352743561,2020-10-17T17:20:59.3177956,2020-10-17T17:20:59.3177956
"Ellipse",343,68.749537023127,103.23872679045,148.37362637363,2020-10-17T17:20:59.3177956,2020-10-17T17:20:59.3177956
"Ellipse",344,68.749537023127,125.093691676,274.94176931691,2020-10-17T17:20:59.8072365,2020-10-17T17:20:59.8072365
"Ellipse",344,68.749537023127,103.21258052293,148.50776809398,2020-10-17T17:20:59.8072365,2020-10-17T17:20:59.8072365
"Ellipse",345,68.749537023127,124.82642777156,273.79619260918,2020-10-17T17:21:00.3126916,2020-10-17T17:21:00.3126916
"Ellipse",345,68.749537023127,103.30352406215,147.97195907541,2020-10-17T17:21:00.3126916,2020-10-17T17:21:00.3126916
"Ellipse",346,68.749537023127,124.72004479283,275.33146696529,2020-10-17T17:21:00.8151446,2020-10-17T17:21:00.8151446
"Ellipse",346,68.749537023127,103.28874573702,148.09359605911,2020-10-17T17:21:00.8151446,2020-10-17T17:21:00.8151446
"Ellipse",347,68.749537023127,124.43822321762,274.92609182531,2020-10-17T17:21:01.3075877,2020-10-17T17:21:01.3075877
"Ellipse",347,68.749537023127,103.24403183024,148.5225464191,2020-10-17T17:21:01.3075877,2020-10-17T17:21:01.3075877
"Ellipse",348,68.749537023127,124.69055617768,274.30160507652,2020-10-17T17:21:01.8070383,2020-10-17T17:21:01.8070383
"Ellipse",348,68.749537023127,103.30807123911,148.75786282683,2020-10-17T17:21:01.8070383,2020-10-17T17:21:01.8070383
"Ellipse",349,68.749537023127,124.5154908548,274.53676745054,2020-10-17T17:21:02.3064883,2020-10-17T17:21:02.3064883
"Ellipse",349,68.749537023127,103.16521409625,148.27169382342,2020-10-17T17:21:02.3064883,2020-10-17T17:21:02.3064883
"Ellipse",350,68.749537023127,124.6524822695,273.95408734603,2020-10-17T17:21:02.8219527,2020-10-17T17:21:02.8219527
"Ellipse",350,68.749537023127,103.32701780978,148.39408866995,2020-10-17T17:21:02.8219527,2020-10-17T17:21:02.8219527
"Ellipse",351,68.749537023127,124.45576707727,274.26539753639,2020-10-17T17:21:03.3073897,2020-10-17T17:21:03.3073897
"Ellipse",351,68.749537023127,103.02993558166,148.19818112922,2020-10-17T17:21:03.3073897,2020-10-17T17:21:03.3073897
"Ellipse",352,68.749537023127,124.92534527809,274.18327734229,2020-10-17T17:21:03.8088415,2020-10-17T17:21:03.8088415
"Ellipse",352,68.749537023127,103.3531640773,147.73095869648,2020-10-17T17:21:03.8088415,2020-10-17T17:21:03.8088415
"Ellipse",353,68.749537023127,124.5740948115,274.24412094065,2020-10-17T17:21:04.3072909,2020-10-17T17:21:04.3072909
"Ellipse",353,68.749537023127,103.08829101933,148.16445623342,2020-10-17T17:21:04.3072909,2020-10-17T17:21:04.3072909
"Ellipse",354,68.749537023127,124.74318775663,274.82605449795,2020-10-17T17:21:04.8197526,2020-10-17T17:21:04.8197526
"Ellipse",354,68.749537023127,103.28723001137,148.27055702918,2020-10-17T17:21:04.8197526,2020-10-17T17:21:04.8197526
"Ellipse",355,68.749537023127,124.54012691303,273.92683837253,2020-10-17T17:21:05.3071918,2020-10-17T17:21:05.3071918
"Ellipse",355,68.749537023127,103.08147025388,148.23190602501,2020-10-17T17:21:05.3071918,2020-10-17T17:21:05.3071918
"Ellipse",356,68.749537023127,124.66741321389,273.80440462859,2020-10-17T17:21:05.8086436,2020-10-17T17:21:05.8086436
"Ellipse",356,68.749537023127,103.41379310345,147.92686623721,2020-10-17T17:21:05.8086436,2020-10-17T17:21:05.8086436
"Ellipse",357,68.749537023127,124.51885031728,273.91489361702,2020-10-17T17:21:06.3120972,2020-10-17T17:21:06.3120972
"Ellipse",357,68.749537023127,103.17468738158,147.82303902994,2020-10-17T17:21:06.3120972,2020-10-17T17:21:06.3120972
"Ellipse",358,68.749537023127,124.49570735349,274.42851810377,2020-10-17T17:21:06.8085444,2020-10-17T17:21:06.8085444
"Ellipse",358,68.749537023127,103.36642667677,148.16597195908,2020-10-17T17:21:06.8085444,2020-10-17T17:21:06.8085444
"Ellipse",359,68.749537023127,124.58081373647,274.07577454274,2020-10-17T17:21:07.3059926,2020-10-17T17:21:07.3059926
"Ellipse",359,68.749537023127,103.28950359985,148.03561955286,2020-10-17T17:21:07.3059926,2020-10-17T17:21:07.3059926
"Ellipse",360,68.749537023127,124.89884285181,274.32960059724,2020-10-17T17:21:07.8254607,2020-10-17T17:21:07.8254607
"Ellipse",360,68.749537023127,103.2231906025,148.2004547177,2020-10-17T17:21:07.8254607,2020-10-17T17:21:07.8254607
"Ellipse",361,68.749537023127,124.54236655469,274.39940276223,2020-10-17T17:21:08.3068944,2020-10-17T17:21:08.3068944
"Ellipse",361,68.749537023127,103.16635089049,148.01515725654,2020-10-17T17:21:08.3068944,2020-10-17T17:21:08.3068944
"Ellipse",362,68.749537023127,124.78574094812,273.89100410601,2020-10-17T17:21:08.8253612,2020-10-17T17:21:08.8253612
"Ellipse",362,68.749537023127,103.00303145131,147.98901098901,2020-10-17T17:21:08.8253612,2020-10-17T17:21:08.8253612
"Ellipse",363,68.749537023127,124.84434490482,274.48077640911,2020-10-17T17:21:09.3077949,2020-10-17T17:21:09.3077949
"Ellipse",363,68.749537023127,103.10079575597,147.95718075028,2020-10-17T17:21:09.3077949,2020-10-17T17:21:09.3077949
"Ellipse",364,68.749537023127,124.79507278835,274.19186263531,2020-10-17T17:21:09.8072462,2020-10-17T17:21:09.8072462
"Ellipse",364,68.749537023127,103.23190602501,148.12656309208,2020-10-17T17:21:09.8072462,2020-10-17T17:21:09.8072462
"Ellipse",365,68.749537023127,124.71220604703,273.98245614035,2020-10-17T17:21:10.3157039,2020-10-17T17:21:10.3157039
"Ellipse",365,68.749537023127,103.20765441455,147.93065555135,2020-10-17T17:21:10.3157039,2020-10-17T17:21:10.3157039
"Ellipse",366,68.749537023127,124.70772676372,274.15416200075,2020-10-17T17:21:10.8101494,2020-10-17T17:21:10.8101494
"Ellipse",366,68.749537023127,103.09283819629,147.85070102312,2020-10-17T17:21:10.8101494,2020-10-17T17:21:10.8101494
"Ellipse",367,68.749537023127,124.77678238149,273.43859649123,2020-10-17T17:21:11.3176069,2020-10-17T17:21:11.3176069
"Ellipse",367,68.749537023127,103.19287608943,148.38575217886,2020-10-17T17:21:11.3176069,2020-10-17T17:21:11.3176069
"Ellipse",368,68.749537023127,124.85405001866,274.30683090706,2020-10-17T17:21:11.8080482,2020-10-17T17:21:11.8080482
"Ellipse",368,68.749537023127,103.34710117469,148.44789693066,2020-10-17T17:21:11.8080482,2020-10-17T17:21:11.8080482
"Ellipse",369,68.749537023127,124.8477043673,274.17506532288,2020-10-17T17:21:12.3145051,2020-10-17T17:21:12.3145051
"Ellipse",369,68.749537023127,103.22205380826,147.73929518757,2020-10-17T17:21:12.3145051,2020-10-17T17:21:12.3145051
"Ellipse",370,68.749537023127,124.61814109742,273.97424412094,2020-10-17T17:21:12.8099515,2020-10-17T17:21:12.8099515
"Ellipse",370,68.749537023127,103.13376278894,148.10306934445,2020-10-17T17:21:12.8099515,2020-10-17T17:21:12.8099515
"Ellipse",371,68.749537023127,124.4490481523,273.91862635312,2020-10-17T17:21:13.3063988,2020-10-17T17:21:13.3063988
"Ellipse",371,68.749537023127,103.17203486169,147.87684729064,2020-10-17T17:21:13.3063988,2020-10-17T17:21:13.3063988
"Ellipse",372,68.749537023127,124.85516983949,273.3553564763,2020-10-17T17:21:13.8068497,2020-10-17T17:21:13.8068497
"Ellipse",372,68.749537023127,103.2656309208,148.10913224706,2020-10-17T17:21:13.8068497,2020-10-17T17:21:13.8068497
"Ellipse",373,68.749537023127,125.093691676,273.98544232923,2020-10-17T17:21:14.3062996,2020-10-17T17:21:14.3062996
"Ellipse",373,68.749537023127,103.2061386889,148.22773777946,2020-10-17T17:21:14.3062996,2020-10-17T17:21:14.3062996
"Ellipse",374,68.749537023127,124.80403135498,273.58454647256,2020-10-17T17:21:14.8187610,2020-10-17T17:21:14.8187610
"Ellipse",374,68.749537023127,103.21523304282,147.59757483895,2020-10-17T17:21:14.8187610,2020-10-17T17:21:14.8187610
"Ellipse",375,68.749537023127,124.79320642031,274.29003359463,2020-10-17T17:21:15.3072014,2020-10-17T17:21:15.3072014
"Ellipse",375,68.749537023127,103.05418719212,148.29139825692,2020-10-17T17:21:15.3072014,2020-10-17T17:21:15.3072014
"Ellipse",376,68.749537023127,124.71444568869,274.83016050765,2020-10-17T17:21:15.8166601,2020-10-17T17:21:15.8166601
"Ellipse",376,68.749537023127,103.17544524441,147.94808639636,2020-10-17T17:21:15.8166601,2020-10-17T17:21:15.8166601
"Ellipse",377,68.749537023127,124.67749160134,274.78686076894,2020-10-17T17:21:16.3071023,2020-10-17T17:21:16.3071023
"Ellipse",377,68.749537023127,103.44031830239,147.72792724517,2020-10-17T17:21:16.3071023,2020-10-17T17:21:16.3071023
"Ellipse",378,68.749537023127,124.64352370287,274.50690556178,2020-10-17T17:21:16.8175622,2020-10-17T17:21:16.8175622
"Ellipse",378,68.749537023127,103.26525198939,148.1947707465,2020-10-17T17:21:16.8175622,2020-10-17T17:21:16.8175622
"Ellipse",379,68.749537023127,124.53975363942,273.15789473684,2020-10-17T17:21:17.3070028,2020-10-17T17:21:17.3070028
"Ellipse",379,68.749537023127,103.17885562713,148.23683213338,2020-10-17T17:21:17.3070028,2020-10-17T17:21:17.3070028
"Ellipse",380,68.749537023127,124.86300858529,274.20940649496,2020-10-17T17:21:17.8074540,2020-10-17T17:21:17.8074540
"Ellipse",380,68.749537023127,103.1553618795,147.86926866237,2020-10-17T17:21:17.8074540,2020-10-17T17:21:17.8074540
"Ellipse",381,68.749537023127,124.6677864875,274.01493094438,2020-10-17T17:21:18.3069040,2020-10-17T17:21:18.3069040
"Ellipse",381,68.749537023127,103.20424403183,148.28306176582,2020-10-17T17:21:18.3069040,2020-10-17T17:21:18.3069040
"Ellipse",382,68.749537023127,124.5782008212,274.25979843225,2020-10-17T17:21:18.8073549,2020-10-17T17:21:18.8073549
"Ellipse",382,68.749537023127,103.25577870406,148.2175066313,2020-10-17T17:21:18.8073549,2020-10-17T17:21:18.8073549
"Ellipse",383,68.749537023127,124.67749160134,274.4919746174,2020-10-17T17:21:19.3088067,2020-10-17T17:21:19.3088067
"Ellipse",383,68.749537023127,103.27283061766,148.05380826071,2020-10-17T17:21:19.3088067,2020-10-17T17:21:19.3088067
"Ellipse",384,68.749537023127,124.80925718552,274.47107129526,2020-10-17T17:21:19.8072548,2020-10-17T17:21:19.8072548
"Ellipse",384,68.749537023127,103.15877226222,148.00378931413,2020-10-17T17:21:19.8072548,2020-10-17T17:21:19.8072548
"Ellipse",385,68.749537023127,124.64352370287,274.76819708847,2020-10-17T17:21:20.3177157,2020-10-17T17:21:20.3177157
"Ellipse",385,68.749537023127,103.19931792346,147.58393330807,2020-10-17T17:21:20.3177157,2020-10-17T17:21:20.3177157
"Ellipse",386,68.749537023127,124.61216871967,274.08100037327,2020-10-17T17:21:20.8071560,2020-10-17T17:21:20.8071560
"Ellipse",386,68.749537023127,103.1978021978,148.26866237211,2020-10-17T17:21:20.8071560,2020-10-17T17:21:20.8071560
"Ellipse",387,68.749537023127,124.52706233669,274.14632325495,2020-10-17T17:21:21.3076092,2020-10-17T17:21:21.3076092
"Ellipse",387,68.749537023127,103.18719211823,147.81962864722,2020-10-17T17:21:21.3076092,2020-10-17T17:21:21.3076092
"Ellipse",388,68.749537023127,124.89548338932,274.25643896977,2020-10-17T17:21:21.8160656,2020-10-17T17:21:21.8160656
"Ellipse",388,68.749537023127,103.17923455855,148.01780977643,2020-10-17T17:21:21.8160656,2020-10-17T17:21:21.8160656
"Ellipse",389,68.749537023127,124.74468085106,272.93990294886,2020-10-17T17:21:22.3075110,2020-10-17T17:21:22.3075110
"Ellipse",389,68.749537023127,103.31981811292,147.54982948086,2020-10-17T17:21:22.3075110,2020-10-17T17:21:22.3075110
"Ellipse",390,68.749537023127,124.55356476297,273.25345278089,2020-10-17T17:21:22.8099611,2020-10-17T17:21:22.8099611
"Ellipse",390,68.749537023127,103.12845774915,147.7881773399,2020-10-17T17:21:22.8099611,2020-10-17T17:21:22.8099611
"Ellipse",391,68.749537023127,124.85964912281,273.96453900709,2020-10-17T17:21:23.3084099,2020-10-17T17:21:23.3084099
"Ellipse",391,68.749537023127,103.135657446,147.58507010231,2020-10-17T17:21:23.3084099,2020-10-17T17:21:23.3084099
"Ellipse",392,68.749537023127,124.58230683091,274.23180291153,2020-10-17T17:21:23.8078592,2020-10-17T17:21:23.8078592
"Ellipse",392,68.749537023127,103.03902993558,148.15498294809,2020-10-17T17:21:23.8078592,2020-10-17T17:21:23.8078592
"Ellipse",393,68.749537023127,124.77976857036,273.88167226577,2020-10-17T17:21:24.3093116,2020-10-17T17:21:24.3093116
"Ellipse",393,68.749537023127,103.01818870784,147.76316786662,2020-10-17T17:21:24.3093116,2020-10-17T17:21:24.3093116
"Ellipse",394,68.749537023127,124.77416946622,274.32624113475,2020-10-17T17:21:24.8227736,2020-10-17T17:21:24.8227736
"Ellipse",394,68.749537023127,103.02728306177,148.05721864343,2020-10-17T17:21:24.8227736,2020-10-17T17:21:24.8227736
"Ellipse",395,68.749537023127,124.5897723031,273.97835013065,2020-10-17T17:21:25.3102137,2020-10-17T17:21:25.3102137
"Ellipse",395,68.749537023127,103.11557408109,147.59378552482,2020-10-17T17:21:25.3102137,2020-10-17T17:21:25.3102137
"Ellipse",396,68.749537023127,124.84621127286,274.00298618888,2020-10-17T17:21:25.8076613,2020-10-17T17:21:25.8076613
"Ellipse",396,68.749537023127,103.23001136794,148.18226600985,2020-10-17T17:21:25.8076613,2020-10-17T17:21:25.8076613
"Ellipse",397,68.749537023127,124.63717805151,274.07988055245,2020-10-17T17:21:26.3081128,2020-10-17T17:21:26.3081128
"Ellipse",397,68.749537023127,103.175066313,148.02728306177,2020-10-17T17:21:26.3081128,2020-10-17T17:21:26.3081128
"Ellipse",398,68.749537023127,124.76035834267,273.29339305711,2020-10-17T17:21:26.8075618,2020-10-17T17:21:26.8075618
"Ellipse",398,68.749537023127,103.24062144752,147.72224327397,2020-10-17T17:21:26.8075618,2020-10-17T17:21:26.8075618
"Ellipse",399,68.749537023127,124.78424785368,273.19074281448,2020-10-17T17:21:27.3080137,2020-10-17T17:21:27.3080137
"Ellipse",399,68.749537023127,103.33232284956,147.98901098901,2020-10-17T17:21:27.3080137,2020-10-17T17:21:27.3080137
"Ellipse",400,68.749537023127,124.91265397536,273.77192982456,2020-10-17T17:21:27.8174727,2020-10-17T17:21:27.8174727
"Ellipse",400,68.749537023127,103.11595301251,147.84312239485,2020-10-17T17:21:27.8174727,2020-10-17T17:21:27.8174727
"Ellipse",401,68.749537023127,124.57222844345,274.02799552072,2020-10-17T17:21:28.3079142,2020-10-17T17:21:28.3079142
"Ellipse",401,68.749537023127,103.1413414172,147.68169761273,2020-10-17T17:21:28.3079142,2020-10-17T17:21:28.3079142
"Ellipse",402,68.749537023127,125.04031354983,273.93393057111,2020-10-17T17:21:28.8073645,2020-10-17T17:21:28.8073645
"Ellipse",402,68.749537023127,103.31754452444,148.16028798787,2020-10-17T17:21:28.8073645,2020-10-17T17:21:28.8073645
"Ellipse",403,68.749537023127,124.86524822695,273.9257185517,2020-10-17T17:21:29.3088163,2020-10-17T17:21:29.3088163
"Ellipse",403,68.749537023127,103.17317165593,147.65706707086,2020-10-17T17:21:29.3088163,2020-10-17T17:21:29.3088163
"Ellipse",404,68.749537023127,124.86076894364,274.054497947,2020-10-17T17:21:29.8062645,2020-10-17T17:21:29.8062645
"Ellipse",404,68.749537023127,103.21712769989,148.35922697992,2020-10-17T17:21:29.8062645,2020-10-17T17:21:29.8062645
"Ellipse",405,68.749537023127,124.75849197462,274.53228816723,2020-10-17T17:21:30.3237310,2020-10-17T17:21:30.3237310
"Ellipse",405,68.749537023127,103.22091701402,147.95831754452,2020-10-17T17:21:30.3237310,2020-10-17T17:21:30.3237310
"Ellipse",406,68.749537023127,124.72863008585,274.46957820082,2020-10-17T17:21:30.8071666,2020-10-17T17:21:30.8071666
"Ellipse",406,68.749537023127,103.19173929519,147.99507389163,2020-10-17T17:21:30.8071666,2020-10-17T17:21:30.8071666
"Ellipse",407,68.749537023127,124.76110488988,273.66927958193,2020-10-17T17:21:31.3076172,2020-10-17T17:21:31.3076172
"Ellipse",407,68.749537023127,103.18757104964,148.09586964759,2020-10-17T17:21:31.3076172,2020-10-17T17:21:31.3076172
"Ellipse",408,68.749537023127,124.5431131019,273.69316909295,2020-10-17T17:21:31.8060663,2020-10-17T17:21:31.8060663
"Ellipse",408,68.749537023127,103.16976127321,147.95377036756,2020-10-17T17:21:31.8060663,2020-10-17T17:21:31.8060663
"Ellipse",409,68.749537023127,124.47741694662,274.59985069056,2020-10-17T17:21:32.3125226,2020-10-17T17:21:32.3125226
"Ellipse",409,68.749537023127,103.23948465328,147.56574460023,2020-10-17T17:21:32.3125226,2020-10-17T17:21:32.3125226
"Ellipse",410,68.749537023127,124.74916013438,273.97760358343,2020-10-17T17:21:32.8079689,2020-10-17T17:21:32.8079689
"Ellipse",410,68.749537023127,103.2625994695,148.24933687003,2020-10-17T17:21:32.8079689,2020-10-17T17:21:32.8079689
"Ellipse",411,68.749537023127,124.586039567,274.2344158268,2020-10-17T17:21:33.3064180,2020-10-17T17:21:33.3064180
"Ellipse",411,68.749537023127,103.12466843501,147.9238347859,2020-10-17T17:21:33.3064180,2020-10-17T17:21:33.3064180
"Ellipse",412,68.749537023127,124.86412840612,274.23702874207,2020-10-17T17:21:33.8078704,2020-10-17T17:21:33.8078704
"Ellipse",412,68.749537023127,103.20954907162,148.30920803335,2020-10-17T17:21:33.8078704,2020-10-17T17:21:33.8078704
"Ellipse",413,68.749537023127,124.99738708473,273.98544232923,2020-10-17T17:21:34.3063189,2020-10-17T17:21:34.3063189
"Ellipse",413,68.749537023127,103.0735126942,147.81697612732,2020-10-17T17:21:34.3063189,2020-10-17T17:21:34.3063189
"Ellipse",414,68.749537023127,124.79917879806,274.70063456514,2020-10-17T17:21:34.8167788,2020-10-17T17:21:34.8167788
"Ellipse",414,68.749537023127,103.27548313755,147.88632057598,2020-10-17T17:21:34.8167788,2020-10-17T17:21:34.8167788
"Ellipse",415,68.749537023127,124.34789100411,274.30496453901,2020-10-17T17:21:35.3192315,2020-10-17T17:21:35.3192315
"Ellipse",415,68.749537023127,103.27737779462,148.20841227738,2020-10-17T17:21:35.3192315,2020-10-17T17:21:35.3192315
"Ellipse",416,68.749537023127,124.55617767824,274.17058603957,2020-10-17T17:21:35.8196824,2020-10-17T17:21:35.8196824
"Ellipse",416,68.749537023127,103.1129215612,147.87267904509,2020-10-17T17:21:35.8196824,2020-10-17T17:21:35.8196824
"Ellipse",417,68.749537023127,124.72751026502,273.73870847331,2020-10-17T17:21:36.3091233,2020-10-17T17:21:36.3091233
"Ellipse",417,68.749537023127,103.45699128458,147.69041303524,2020-10-17T17:21:36.3091233,2020-10-17T17:21:36.3091233
"Ellipse",418,68.749537023127,124.73348264278,273.01791713326,2020-10-17T17:21:36.8085733,2020-10-17T17:21:36.8085733
"Ellipse",418,68.749537023127,103.41417203486,148.04660856385,2020-10-17T17:21:36.8085733,2020-10-17T17:21:36.8085733
"Ellipse",419,68.749537023127,124.73646883165,274.32997387085,2020-10-17T17:21:37.3170305,2020-10-17T17:21:37.3170305
"Ellipse",419,68.749537023127,103.33308071239,148.18112921561,2020-10-17T17:21:37.3170305,2020-10-17T17:21:37.3170305
"Ellipse",420,68.749537023127,124.95744680851,273.71967151922,2020-10-17T17:21:37.8074733,2020-10-17T17:21:37.8074733
"Ellipse",420,68.749537023127,103.1326259947,147.77339901478,2020-10-17T17:21:37.8074733,2020-10-17T17:21:37.8074733
"Ellipse",421,68.749537023127,124.64949608063,273.88353863382,2020-10-17T17:21:38.3069239,2020-10-17T17:21:38.3069239
"Ellipse",421,68.749537023127,103.25502084123,147.53239863585,2020-10-17T17:21:38.3069239,2020-10-17T17:21:38.3069239
"Ellipse",422,68.749537023127,124.68794326241,274.11982082867,2020-10-17T17:21:38.8083757,2020-10-17T17:21:38.8083757
"Ellipse",422,68.749537023127,103.18226600985,148.1553618795,2020-10-17T17:21:38.8083757,2020-10-17T17:21:38.8083757
"Ellipse",423,68.749537023127,124.48674878686,273.77006345651,2020-10-17T17:21:39.3078247,2020-10-17T17:21:39.3078247
"Ellipse",423,68.749537023127,103.2599469496,147.99469496021,2020-10-17T17:21:39.3078247,2020-10-17T17:21:39.3078247
"Ellipse",424,68.749537023127,124.95819335573,273.31093691676,2020-10-17T17:21:39.8092768,2020-10-17T17:21:39.8092768
"Ellipse",424,68.749537023127,103.17999242137,147.55286093217,2020-10-17T17:21:39.8092768,2020-10-17T17:21:39.8092768
"Ellipse",425,68.749537023127,124.72041806644,273.25942515864,2020-10-17T17:21:40.3187358,2020-10-17T17:21:40.3187358
"Ellipse",425,68.749537023127,103.08298597954,147.66843501326,2020-10-17T17:21:40.3187358,2020-10-17T17:21:40.3187358
"Ellipse",426,68.749537023127,124.59910414334,273.22956326988,2020-10-17T17:21:40.8081765,2020-10-17T17:21:40.8081765
"Ellipse",426,68.749537023127,103.11633194392,148.0507768094,2020-10-17T17:21:40.8081765,2020-10-17T17:21:40.8081765
"Ellipse",427,68.749537023127,124.66069428891,273.10302351624,2020-10-17T17:21:41.3076268,2020-10-17T17:21:41.3076268
"Ellipse",427,68.749537023127,103.20424403183,147.81432360743,2020-10-17T17:21:41.3076268,2020-10-17T17:21:41.3076268
"Ellipse",428,68.749537023127,124.96304591265,274.24822695036,2020-10-17T17:21:41.8120813,2020-10-17T17:21:41.8120813
"Ellipse",428,68.749537023127,103.26638878363,147.68472906404,2020-10-17T17:21:41.8120813,2020-10-17T17:21:41.8120813
"Ellipse",429,68.749537023127,124.6132885405,273.64128406122,2020-10-17T17:21:42.3075277,2020-10-17T17:21:42.3075277
"Ellipse",429,68.749537023127,103.16256157636,147.90034103827,2020-10-17T17:21:42.3075277,2020-10-17T17:21:42.3075277
"Ellipse",430,68.749537023127,124.59798432251,274.31728256812,2020-10-17T17:21:42.8159858,2020-10-17T17:21:42.8159858
"Ellipse",430,68.749537023127,103.30655551345,147.76241000379,2020-10-17T17:21:42.8159858,2020-10-17T17:21:42.8159858
"Ellipse",431,68.749537023127,124.73945502053,273.56924225457,2020-10-17T17:21:43.3064292,2020-10-17T17:21:43.3064292
"Ellipse",431,68.749537023127,103.29291398257,147.65176203107,2020-10-17T17:21:43.3064292,2020-10-17T17:21:43.3064292
"Ellipse",432,68.749537023127,124.79507278835,274.19111608809,2020-10-17T17:21:43.8078794,2020-10-17T17:21:43.8078794
"Ellipse",432,68.749537023127,103.27851458886,147.70860174309,2020-10-17T17:21:43.8078794,2020-10-17T17:21:43.8078794
"Ellipse",433,68.749537023127,124.84285181038,274.24673385592,2020-10-17T17:21:44.3113330,2020-10-17T17:21:44.3113330
"Ellipse",433,68.749537023127,103.09245926487,147.47934823797,2020-10-17T17:21:44.3113330,2020-10-17T17:21:44.3113330
"Ellipse",434,68.749537023127,124.79059350504,273.83501306458,2020-10-17T17:21:44.8227935,2020-10-17T17:21:44.8227935
"Ellipse",434,68.749537023127,103.13603637742,147.97385373247,2020-10-17T17:21:44.8227935,2020-10-17T17:21:44.8227935
"Ellipse",435,68.749537023127,124.85778275476,271.44568868981,2020-10-17T17:21:45.3082312,2020-10-17T17:21:45.3082312
"Ellipse",435,68.749537023127,103.19514967791,146.33687002653,2020-10-17T17:21:45.3082312,2020-10-17T17:21:45.3082312
"Ellipse",436,68.749537023127,124.76110488988,272.87868607689,2020-10-17T17:21:45.8146875,2020-10-17T17:21:45.8146875
"Ellipse",436,68.749537023127,103.18264494127,147.33270178098,2020-10-17T17:21:45.8146875,2020-10-17T17:21:45.8146875
"Ellipse",437,68.749537023127,124.77827547592,273.80291153416,2020-10-17T17:21:46.3071302,2020-10-17T17:21:46.3071302
"Ellipse",437,68.749537023127,103.18757104964,147.56612353164,2020-10-17T17:21:46.3071302,2020-10-17T17:21:46.3071302
"Ellipse",438,68.749537023127,124.79656588279,273.90332213513,2020-10-17T17:21:46.8205934,2020-10-17T17:21:46.8205934
"Ellipse",438,68.749537023127,103.19552860932,147.7995452823,2020-10-17T17:21:46.8205934,2020-10-17T17:21:46.8205934
"Ellipse",439,68.749537023127,124.74916013438,273.72191116088,2020-10-17T17:21:47.3070327,2020-10-17T17:21:47.3070327
"Ellipse",439,68.749537023127,103.15574081091,148.01439939371,2020-10-17T17:21:47.3070327,2020-10-17T17:21:47.3070327
"Ellipse",440,68.749537023127,124.62523329601,273.96789846958,2020-10-17T17:21:47.8194937,2020-10-17T17:21:47.8194937
"Ellipse",440,68.749537023127,103.25577870406,147.7684729064,2020-10-17T17:21:47.8194937,2020-10-17T17:21:47.8194937
"Ellipse",441,68.749537023127,124.86300858529,273.61552818216,2020-10-17T17:21:48.3069329,2020-10-17T17:21:48.3069329
"Ellipse",441,68.749537023127,103.13717317166,147.97953770368,2020-10-17T17:21:48.3069329,2020-10-17T17:21:48.3069329
"Ellipse",442,68.749537023127,124.67935796939,273.61478163494,2020-10-17T17:21:48.8093856,2020-10-17T17:21:48.8093856
"Ellipse",442,68.749537023127,103.21826449413,147.34672224327,2020-10-17T17:21:48.8093856,2020-10-17T17:21:48.8093856
"Ellipse",443,68.749537023127,124.94214259052,273.43225083987,2020-10-17T17:21:49.3068338,2020-10-17T17:21:49.3068338
"Ellipse",443,68.749537023127,103.21220159151,148.10989010989,2020-10-17T17:21:49.3068338,2020-10-17T17:21:49.3068338
"Ellipse",444,68.749537023127,124.81224337439,273.60432997387,2020-10-17T17:21:49.8122892,2020-10-17T17:21:49.8122892
"Ellipse",444,68.749537023127,103.23645320197,147.68245547556,2020-10-17T17:21:49.8122892,2020-10-17T17:21:49.8122892
"Ellipse",445,68.749537023127,124.7263904442,273.21649869354,2020-10-17T17:21:50.3207473,2020-10-17T17:21:50.3207473
"Ellipse",445,68.749537023127,103.13906782872,147.62296324365,2020-10-17T17:21:50.3207473,2020-10-17T17:21:50.3207473
"Ellipse",446,68.749537023127,124.8592758492,274.03471444569,2020-10-17T17:21:50.8081861,2020-10-17T17:21:50.8081861
"Ellipse",446,68.749537023127,103.19552860932,147.52709359606,2020-10-17T17:21:50.8081861,2020-10-17T17:21:50.8081861
"Ellipse",447,68.749537023127,124.74132138858,273.12952594252,2020-10-17T17:21:51.3176454,2020-10-17T17:21:51.3176454
"Ellipse",447,68.749537023127,103.15233042819,147.84388025767,2020-10-17T17:21:51.3176454,2020-10-17T17:21:51.3176454
"Ellipse",448,68.749537023127,124.76782381486,273.59873086973,2020-10-17T17:21:51.8060855,2020-10-17T17:21:51.8060855
"Ellipse",448,68.749537023127,103.1383099659,147.80977643047,2020-10-17T17:21:51.8060855,2020-10-17T17:21:51.8060855
"Ellipse",449,68.749537023127,124.83538633819,273.43934303845,2020-10-17T17:21:52.3075370,2020-10-17T17:21:52.3075370
"Ellipse",449,68.749537023127,103.15574081091,147.15308829102,2020-10-17T17:21:52.3075370,2020-10-17T17:21:52.3075370
"Ellipse",450,68.749537023127,124.60283687943,273.3982829414,2020-10-17T17:21:52.8179962,2020-10-17T17:21:52.8179962
"Ellipse",450,68.749537023127,103.10875331565,147.45395983327,2020-10-17T17:21:52.8179962,2020-10-17T17:21:52.8179962
"Ellipse",451,68.749537023127,124.67263904442,273.28144830161,2020-10-17T17:21:53.3074382,2020-10-17T17:21:53.3074382
"Ellipse",451,68.749537023127,103.12504736643,147.64645699129,2020-10-17T17:21:53.3074382,2020-10-17T17:21:53.3074382
"Ellipse",452,68.749537023127,124.91974617395,273.4845091452,2020-10-17T17:21:53.8058872,2020-10-17T17:21:53.8058872
"Ellipse",452,68.749537023127,103.32588101554,147.68851837817,2020-10-17T17:21:53.8058872,2020-10-17T17:21:53.8058872
"Ellipse",453,68.749537023127,124.76334453154,271.94288913774,2020-10-17T17:21:54.3073394,2020-10-17T17:21:54.3073394
"Ellipse",453,68.749537023127,103.07881773399,147.53467222433,2020-10-17T17:21:54.3073394,2020-10-17T17:21:54.3073394
"Ellipse",454,68.749537023127,124.95072788354,273.29525942516,2020-10-17T17:21:54.8137953,2020-10-17T17:21:54.8137953
"Ellipse",454,68.749537023127,103.27472527473,147.58128078818,2020-10-17T17:21:54.8137953,2020-10-17T17:21:54.8137953
"Ellipse",455,68.749537023127,124.89996267264,272.60843598358,2020-10-17T17:21:55.3092417,2020-10-17T17:21:55.3092417
"Ellipse",455,68.749537023127,103.06252368321,147.350132626,2020-10-17T17:21:55.3092417,2020-10-17T17:21:55.3092417
"Ellipse",456,68.749537023127,123.35050391937,265.05412467339,2020-10-17T17:21:55.8116944,2020-10-17T17:21:55.8116944
"Ellipse",456,68.749537023127,102.82531261842,145.39370973854,2020-10-17T17:21:55.8116944,2020-10-17T17:21:55.8116944
"Ellipse",457,68.749537023127,123.77118327734,264.98917506532,2020-10-17T17:21:56.3091426,2020-10-17T17:21:56.3091426
"Ellipse",457,68.749537023127,103.03978779841,145.5790071997,2020-10-17T17:21:56.3091426,2020-10-17T17:21:56.3091426
"Ellipse",458,68.749537023127,123.50914520343,265.97685703621,2020-10-17T17:21:56.8075917,2020-10-17T17:21:56.8075917
"Ellipse",458,68.749537023127,102.96627510421,145.78514588859,2020-10-17T17:21:56.8075917,2020-10-17T17:21:56.8075917
"Ellipse",459,68.749537023127,123.45539380366,266.15080253826,2020-10-17T17:21:57.3230561,2020-10-17T17:21:57.3230561
"Ellipse",459,68.749537023127,102.95680181887,145.52330428193,2020-10-17T17:21:57.3230561,2020-10-17T17:21:57.3230561
"Ellipse",460,68.749537023127,123.17357222844,265.85815602837,2020-10-17T17:21:57.8064910,2020-10-17T17:21:57.8064910
"Ellipse",460,68.749537023127,103.05305039788,145.74725274725,2020-10-17T17:21:57.8064910,2020-10-17T17:21:57.8064910
"Ellipse",461,68.749537023127,123.66815976111,265.25569242255,2020-10-17T17:21:58.3079434,2020-10-17T17:21:58.3079434
"Ellipse",461,68.749537023127,103.09283819629,145.75369458128,2020-10-17T17:21:58.3079434,2020-10-17T17:21:58.3079434
"Ellipse",462,68.749537023127,123.44046285928,266.2187383352,2020-10-17T17:21:58.8063922,2020-10-17T17:21:58.8063922
"Ellipse",462,68.749537023127,103.08942781357,145.88025767336,2020-10-17T17:21:58.8063922,2020-10-17T17:21:58.8063922
"Ellipse",463,68.749537023127,123.72527062337,265.39343038447,2020-10-17T17:21:59.3168518,2020-10-17T17:21:59.3168518
"Ellipse",463,68.749537023127,102.98711633194,145.64607805987,2020-10-17T17:21:59.3168518,2020-10-17T17:21:59.3168518
"Ellipse",464,68.749537023127,123.71593878313,265.81746920493,2020-10-17T17:21:59.8173033,2020-10-17T17:21:59.8173033
"Ellipse",464,68.749537023127,103.14096248579,146.16976127321,2020-10-17T17:21:59.8173033,2020-10-17T17:21:59.8173033
"Ellipse",465,68.749537023127,123.39343038447,266.1914893617,2020-10-17T17:22:00.3177542,2020-10-17T17:22:00.3177542
"Ellipse",465,68.749537023127,103.08488063661,145.36983705949,2020-10-17T17:22:00.3177542,2020-10-17T17:22:00.3177542
"Ellipse",466,68.749537023127,123.67749160134,265.99701381112,2020-10-17T17:22:00.8061943,2020-10-17T17:22:00.8061943
"Ellipse",466,68.749537023127,103.17696097006,145.98560060629,2020-10-17T17:22:00.8061943,2020-10-17T17:22:00.8061943
"Ellipse",467,68.749537023127,124.95782008212,274.00522583053,2020-10-17T17:22:01.3246611,2020-10-17T17:22:01.3246611
"Ellipse",467,68.749537023127,103.19325502084,147.53164077302,2020-10-17T17:22:01.3246611,2020-10-17T17:22:01.3246611
"Ellipse",468,68.749537023127,124.91377379619,273.90369540874,2020-10-17T17:22:01.8191068,2020-10-17T17:22:01.8191068
"Ellipse",468,68.749537023127,103.15990905646,147.48730579765,2020-10-17T17:22:01.8191068,2020-10-17T17:22:01.8191068
"Ellipse",469,68.749537023127,124.71183277342,273.34490481523,2020-10-17T17:22:02.3085478,2020-10-17T17:22:02.3085478
"Ellipse",469,68.749537023127,103.13717317166,148.03334596438,2020-10-17T17:22:02.3085478,2020-10-17T17:22:02.3085478
"Ellipse",470,68.749537023127,123.46808510638,265.33370660694,2020-10-17T17:22:02.8069966,2020-10-17T17:22:02.8069966
"Ellipse",470,68.749537023127,103.06252368321,145.65403561955,2020-10-17T17:22:02.8069966,2020-10-17T17:22:02.8069966
"Ellipse",471,68.749537023127,123.79992534528,265.6991414707,2020-10-17T17:22:03.3084487,2020-10-17T17:22:03.3084487
"Ellipse",471,68.749537023127,102.86282682834,145.61424782114,2020-10-17T17:22:03.3084487,2020-10-17T17:22:03.3084487
"Ellipse",472,68.749537023127,123.82904068682,265.89212392684,2020-10-17T17:22:03.8078987,2020-10-17T17:22:03.8078987
"Ellipse",472,68.749537023127,103.0083364911,145.58241758242,2020-10-17T17:22:03.8078987,2020-10-17T17:22:03.8078987
"Ellipse",473,68.749537023127,123.45203434117,264.53266144084,2020-10-17T17:22:04.3083499,2020-10-17T17:22:04.3083499
"Ellipse",473,68.749537023127,102.87457370216,145.15574081091,2020-10-17T17:22:04.3083499,2020-10-17T17:22:04.3083499
"Ellipse",474,68.749537023127,123.55169839492,265.26763717805,2020-10-17T17:22:04.8077995,2020-10-17T17:22:04.8077995
"Ellipse",474,68.749537023127,103.00151572565,145.83668056082,2020-10-17T17:22:04.8077995,2020-10-17T17:22:04.8077995
"Ellipse",475,68.749537023127,123.56662933931,265.74094811497,2020-10-17T17:22:05.3112531,2020-10-17T17:22:05.3112531
"Ellipse",475,68.749537023127,103.18529746116,145.76241000379,2020-10-17T17:22:05.3112531,2020-10-17T17:22:05.3112531
"Ellipse",476,68.749537023127,124.86263531168,273.85293019784,2020-10-17T17:22:05.8217127,2020-10-17T17:22:05.8217127
"Ellipse",476,68.749537023127,103.1326259947,147.61424782114,2020-10-17T17:22:05.8217127,2020-10-17T17:22:05.8217127
"Ellipse",477,68.749537023127,124.68868980963,274.42478536768,2020-10-17T17:22:06.3071501,2020-10-17T17:22:06.3071501
"Ellipse",477,68.749537023127,103.13868889731,147.5790071997,2020-10-17T17:22:06.3071501,2020-10-17T17:22:06.3071501
"Ellipse",478,68.749537023127,124.85293019784,273.92758491975,2020-10-17T17:22:06.8066004,2020-10-17T17:22:06.8066004
"Ellipse",478,68.749537023127,103.1102690413,147.66199317924,2020-10-17T17:22:06.8066004,2020-10-17T17:22:06.8066004
"Ellipse",479,68.749537023127,124.79768570362,273.41881298992,2020-10-17T17:22:07.3080515,2020-10-17T17:22:07.3080515
"Ellipse",479,68.749537023127,103.25843122395,147.45395983327,2020-10-17T17:22:07.3080515,2020-10-17T17:22:07.3080515
"Ellipse",480,68.749537023127,124.99850690556,273.36580813737,2020-10-17T17:22:07.8075022,2020-10-17T17:22:07.8075022
"Ellipse",480,68.749537023127,103.05987116332,147.36945812808,2020-10-17T17:22:07.8075022,2020-10-17T17:22:07.8075022
"Ellipse",481,68.749537023127,124.6170212766,272.48600223964,2020-10-17T17:22:08.3159599,2020-10-17T17:22:08.3159599
"Ellipse",481,68.749537023127,103.10951117848,147.53353543009,2020-10-17T17:22:08.3159599,2020-10-17T17:22:08.3159599
"Ellipse",482,68.749537023127,124.63083240015,272.36394176932,2020-10-17T17:22:08.8064256,2020-10-17T17:22:08.8064256
"Ellipse",482,68.749537023127,103.19173929519,147.68131868132,2020-10-17T17:22:08.8064256,2020-10-17T17:22:08.8064256
"Ellipse",483,68.749537023127,124.60880925719,272.79581933557,2020-10-17T17:22:09.3078770,2020-10-17T17:22:09.3078770
"Ellipse",483,68.749537023127,103.09700644183,147.28040924593,2020-10-17T17:22:09.3078770,2020-10-17T17:22:09.3078770
"Ellipse",484,68.749537023127,124.72377752893,273.04591265398,2020-10-17T17:22:09.8073270,2020-10-17T17:22:09.8073270
"Ellipse",484,68.749537023127,103.25464190981,147.15687760515,2020-10-17T17:22:09.8073270,2020-10-17T17:22:09.8073270
"Ellipse",485,68.749537023127,123.98170959313,267.49085479657,2020-10-17T17:22:10.3197887,2020-10-17T17:22:10.3197887
"Ellipse",485,68.749537023127,103.03486169003,146.12845774915,2020-10-17T17:22:10.3197887,2020-10-17T17:22:10.3197887
"Ellipse",486,68.749537023127,123.60843598358,264.83277342292,2020-10-17T17:22:10.8072279,2020-10-17T17:22:10.8072279
"Ellipse",486,68.749537023127,103.02955665025,145.27927245169,2020-10-17T17:22:10.8072279,2020-10-17T17:22:10.8072279
"Ellipse",487,68.749537023127,123.43225083987,264.43150429265,2020-10-17T17:22:11.3176878,2020-10-17T17:22:11.3176878
"Ellipse",487,68.749537023127,102.89048882152,145.00454717696,2020-10-17T17:22:11.3176878,2020-10-17T17:22:11.3176878
"Ellipse",488,68.749537023127,123.41918626353,264.54833893244,2020-10-17T17:22:11.8071287,2020-10-17T17:22:11.8071287
"Ellipse",488,68.749537023127,102.92800303145,145.37400530504,2020-10-17T17:22:11.8071287,2020-10-17T17:22:11.8071287
"Ellipse",489,68.749537023127,123.50951847704,265.04889884285,2020-10-17T17:22:12.3065787,2020-10-17T17:22:12.3065787
"Ellipse",489,68.749537023127,102.9435392194,145.62523683213,2020-10-17T17:22:12.3065787,2020-10-17T17:22:12.3065787
"Ellipse",490,68.749537023127,123.64539007092,264.59835759612,2020-10-17T17:22:12.8070287,2020-10-17T17:22:12.8070287
"Ellipse",490,68.749537023127,102.82455475559,145.60325881016,2020-10-17T17:22:12.8070287,2020-10-17T17:22:12.8070287
"Ellipse",491,68.749537023127,123.60694288914,265.3553564763,2020-10-17T17:22:13.3104832,2020-10-17T17:22:13.3104832
"Ellipse",491,68.749537023127,102.99280030315,145.31943918151,2020-10-17T17:22:13.3104832,2020-10-17T17:22:13.3104832
"Ellipse",492,68.749537023127,124.74020156775,272.75065322882,2020-10-17T17:22:13.8229456,2020-10-17T17:22:13.8229456
"Ellipse",492,68.749537023127,103.00075786283,147.62675255779,2020-10-17T17:22:13.8229456,2020-10-17T17:22:13.8229456
"Ellipse",493,68.749537023127,124.88839119074,272.66330720418,2020-10-17T17:22:14.3073817,2020-10-17T17:22:14.3073817
"Ellipse",493,68.749537023127,103.02500947329,147.18605532399,2020-10-17T17:22:14.3073817,2020-10-17T17:22:14.3073817
"Ellipse",494,68.749537023127,124.95035460993,273.43784994401,2020-10-17T17:22:14.8088332,2020-10-17T17:22:14.8088332
"Ellipse",494,68.749537023127,103.11140583554,147.33080712391,2020-10-17T17:22:14.8088332,2020-10-17T17:22:14.8088332
"Ellipse",495,68.749537023127,124.83463979097,272.99253452781,2020-10-17T17:22:15.3072823,2020-10-17T17:22:15.3072823
"Ellipse",495,68.749537023127,103.07086017431,147.28116710875,2020-10-17T17:22:15.3072823,2020-10-17T17:22:15.3072823
"Ellipse",496,68.749537023127,124.74020156775,272.75587905935,2020-10-17T17:22:15.8207452,2020-10-17T17:22:15.8207452
"Ellipse",496,68.749537023127,103.08260704812,147.18378173551,2020-10-17T17:22:15.8207452,2020-10-17T17:22:15.8207452
"Ellipse",497,68.749537023127,124.64352370287,273.08137364688,2020-10-17T17:22:16.3181930,2020-10-17T17:22:16.3181930
"Ellipse",497,68.749537023127,102.95035998484,147.38272072755,2020-10-17T17:22:16.3181930,2020-10-17T17:22:16.3181930
"Ellipse",498,68.749537023127,124.11907428145,272.46024636058,2020-10-17T17:22:16.8136394,2020-10-17T17:22:16.8136394
"Ellipse",498,68.749537023127,103.00303145131,147.49981053429,2020-10-17T17:22:16.8136394,2020-10-17T17:22:16.8136394
"Ellipse",499,68.749537023127,124.61104889884,272.30944382232,2020-10-17T17:22:17.3090858,2020-10-17T17:22:17.3090858
"Ellipse",499,68.749537023127,103.17923455855,147.485790072,2020-10-17T17:22:17.3090858,2020-10-17T17:22:17.3090858
"Ellipse",500,68.749537023127,124.29525942516,270.52108995894,2020-10-17T17:22:17.8105376,2020-10-17T17:22:17.8105376
"Ellipse",500,68.749537023127,103.2288745737,147.09549071618,2020-10-17T17:22:17.8105376,2020-10-17T17:22:17.8105376
"Ellipse",501,68.749537023127,122.99066815976,262.75662560657,2020-10-17T17:22:18.3059840,2020-10-17T17:22:18.3059840
"Ellipse",501,68.749537023127,102.79196665404,145.22394846533,2020-10-17T17:22:18.3059840,2020-10-17T17:22:18.3059840
"Ellipse",502,68.749537023127,123.26913027249,263.0235162374,2020-10-17T17:22:18.8084367,2020-10-17T17:22:18.8084367
"Ellipse",502,68.749537023127,102.8954149299,145.18264494127,2020-10-17T17:22:18.8084367,2020-10-17T17:22:18.8084367
"Ellipse",503,68.749537023127,123.15976110489,263.01717058604,2020-10-17T17:22:19.3078870,2020-10-17T17:22:19.3078870
"Ellipse",503,68.749537023127,102.89389920424,144.73095869648,2020-10-17T17:22:19.3078870,2020-10-17T17:22:19.3078870
"Ellipse",504,68.749537023127,122.99514744308,263.66741321389,2020-10-17T17:22:19.8203484,2020-10-17T17:22:19.8203484
"Ellipse",504,68.749537023127,103.21106479727,145.22356953391,2020-10-17T17:22:19.8203484,2020-10-17T17:22:19.8203484
"Ellipse",505,68.749537023127,123.3437849944,263.07689436357,2020-10-17T17:22:20.3077878,2020-10-17T17:22:20.3077878
"Ellipse",505,68.749537023127,102.91398256916,144.91549829481,2020-10-17T17:22:20.3077878,2020-10-17T17:22:20.3077878
"Ellipse",506,68.749537023127,123.29787234043,263.38484509145,2020-10-17T17:22:20.8082384,2020-10-17T17:22:20.8082384
"Ellipse",506,68.749537023127,102.97006441834,145.17203486169,2020-10-17T17:22:20.8082384,2020-10-17T17:22:20.8082384
"Ellipse",507,68.749537023127,123.19186263531,262.8435983576,2020-10-17T17:22:21.3196995,2020-10-17T17:22:21.3196995
"Ellipse",507,68.749537023127,102.95566502463,145.08601743085,2020-10-17T17:22:21.3196995,2020-10-17T17:22:21.3196995
"Ellipse",508,68.749537023127,123.62187383352,263.58342665174,2020-10-17T17:22:21.8081393,2020-10-17T17:22:21.8081393
"Ellipse",508,68.749537023127,103.02804092459,145.44259189087,2020-10-17T17:22:21.8081393,2020-10-17T17:22:21.8081393
"Ellipse",509,68.749537023127,123.04628592759,263.30123180291,2020-10-17T17:22:22.3075893,2020-10-17T17:22:22.3075893
"Ellipse",509,68.749537023127,103.11708980675,145.15384615385,2020-10-17T17:22:22.3075893,2020-10-17T17:22:22.3075893
"Ellipse",510,68.749537023127,123.52631578947,264.93094438223,2020-10-17T17:22:22.8150465,2020-10-17T17:22:22.8150465
"Ellipse",510,68.749537023127,102.98181129216,145.75634710118,2020-10-17T17:22:22.8150465,2020-10-17T17:22:22.8150465
"Ellipse",511,68.749537023127,124.7849944009,271.81784247854,2020-10-17T17:22:23.3084910,2020-10-17T17:22:23.3084910
"Ellipse",511,68.749537023127,103.17051913604,147.20765441455,2020-10-17T17:22:23.3084910,2020-10-17T17:22:23.3084910
"Ellipse",512,68.749537023127,124.71593878313,272.39529675252,2020-10-17T17:22:23.8079413,2020-10-17T17:22:23.8079413
"Ellipse",512,68.749537023127,103.15953012505,147.31564986737,2020-10-17T17:22:23.8079413,2020-10-17T17:22:23.8079413
"Ellipse",513,68.749537023127,124.62336692796,271.47555057857,2020-10-17T17:22:24.3073920,2020-10-17T17:22:24.3073920
"Ellipse",513,68.749537023127,103.00075786283,146.96703296703,2020-10-17T17:22:24.3073920,2020-10-17T17:22:24.3073920
"Ellipse",514,68.749537023127,124.50914520343,272.02762224711,2020-10-17T17:22:24.8128464,2020-10-17T17:22:24.8128464
"Ellipse",514,68.749537023127,103.18908677529,147.12504736643,2020-10-17T17:22:24.8128464,2020-10-17T17:22:24.8128464
"Ellipse",515,68.749537023127,124.50951847704,271.26913027249,2020-10-17T17:22:25.3092940,2020-10-17T17:22:25.3092940
"Ellipse",515,68.749537023127,103.0450928382,147.20500189466,2020-10-17T17:22:25.3092940,2020-10-17T17:22:25.3092940
"Ellipse",516,68.749537023127,124.83016050765,271.76595744681,2020-10-17T17:22:25.8217554,2020-10-17T17:22:25.8217554
"Ellipse",516,68.749537023127,103.11481621826,147.30579765063,2020-10-17T17:22:25.8217554,2020-10-17T17:22:25.8217554
"Ellipse",517,68.749537023127,124.5505785741,271.86562150056,2020-10-17T17:22:26.3091946,2020-10-17T17:22:26.3091946
"Ellipse",517,68.749537023127,102.96589617279,146.89086775294,2020-10-17T17:22:26.3091946,2020-10-17T17:22:26.3091946
"Ellipse",518,68.749537023127,124.6483762598,271.82008212019,2020-10-17T17:22:26.8176527,2020-10-17T17:22:26.8176527
"Ellipse",518,68.749537023127,103.07275483138,147.11140583554,2020-10-17T17:22:26.8176527,2020-10-17T17:22:26.8176527
"Ellipse",519,68.749537023127,124.66181410974,271.29861888765,2020-10-17T17:22:27.3070939,2020-10-17T17:22:27.3070939
"Ellipse",519,68.749537023127,103.06403940887,147.0424403183,2020-10-17T17:22:27.3070939,2020-10-17T17:22:27.3070939
"Ellipse",520,68.749537023127,124.88167226577,271.26017170586,2020-10-17T17:22:27.8075448,2020-10-17T17:22:27.8075448
"Ellipse",520,68.749537023127,103.23114816218,147.08336491095,2020-10-17T17:22:27.8075448,2020-10-17T17:22:27.8075448
"Ellipse",521,68.749537023127,124.54423292273,271.71407241508,2020-10-17T17:22:28.3069948,2020-10-17T17:22:28.3069948
"Ellipse",521,68.749537023127,103.14285714286,147.20083364911,2020-10-17T17:22:28.3069948,2020-10-17T17:22:28.3069948
"Ellipse",522,68.749537023127,123.09257185517,261.97499066816,2020-10-17T17:22:28.8074457,2020-10-17T17:22:28.8074457
"Ellipse",522,68.749537023127,103.06744979159,144.76885183782,2020-10-17T17:22:28.8074457,2020-10-17T17:22:28.8074457
"Ellipse",523,68.749537023127,122.85964912281,261.06532288167,2020-10-17T17:22:29.3078966,2020-10-17T17:22:29.3078966
"Ellipse",523,68.749537023127,102.85486926866,144.50814702539,2020-10-17T17:22:29.3078966,2020-10-17T17:22:29.3078966
"Ellipse",524,68.749537023127,123.00335946249,260.16424038821,2020-10-17T17:22:29.8123508,2020-10-17T17:22:29.8123508
"Ellipse",524,68.749537023127,103.18037135279,144.70860174309,2020-10-17T17:22:29.8123508,2020-10-17T17:22:29.8123508
"Ellipse",525,68.749537023127,122.74132138858,259.36207540127,2020-10-17T17:22:30.3077971,2020-10-17T17:22:30.3077971
"Ellipse",525,68.749537023127,102.97688518378,144.04016672982,2020-10-17T17:22:30.3077971,2020-10-17T17:22:30.3077971
"Ellipse",526,68.749537023127,122.65322881672,261.15490854797,2020-10-17T17:22:30.8062465,2020-10-17T17:22:30.8062465
"Ellipse",526,68.749537023127,102.91890867753,144.59871163319,2020-10-17T17:22:30.8062465,2020-10-17T17:22:30.8062465
"Ellipse",527,68.749537023127,123.74804031355,265.64613661814,2020-10-17T17:22:31.3207097,2020-10-17T17:22:31.3207097
"Ellipse",527,68.749537023127,102.82569154983,145.62372110648,2020-10-17T17:22:31.3207097,2020-10-17T17:22:31.3207097
"Ellipse",528,68.749537023127,123.65285554311,265.69988801792,2020-10-17T17:22:31.8061471,2020-10-17T17:22:31.8061471
"Ellipse",528,68.749537023127,103.06669192876,145.56384994316,2020-10-17T17:22:31.8061471,2020-10-17T17:22:31.8061471
"Ellipse",529,68.749537023127,123.42329227324,264.50205300485,2020-10-17T17:22:32.3106016,2020-10-17T17:22:32.3106016
"Ellipse",529,68.749537023127,102.96475937855,145.45168624479,2020-10-17T17:22:32.3106016,2020-10-17T17:22:32.3106016
"Ellipse",530,68.749537023127,123.45651362449,265.77939529675,2020-10-17T17:22:32.8170576,2020-10-17T17:22:32.8170576
"Ellipse",530,68.749537023127,102.97802197802,145.41492989769,2020-10-17T17:22:32.8170576,2020-10-17T17:22:32.8170576
"Ellipse",531,68.749537023127,123.57857409481,265.85031728257,2020-10-17T17:22:33.3085007,2020-10-17T17:22:33.3085007
"Ellipse",531,68.749537023127,102.88783630163,145.04319818113,2020-10-17T17:22:33.3085007,2020-10-17T17:22:33.3085007
"Ellipse",532,68.749537023127,123.68868980963,265.4688316536,2020-10-17T17:22:33.8169588,2020-10-17T17:22:33.8169588
"Ellipse",532,68.749537023127,102.8560060629,145.61917392952,2020-10-17T17:22:33.8169588,2020-10-17T17:22:33.8169588
"Ellipse",533,68.749537023127,123.52668906308,264.94848824188,2020-10-17T17:22:34.3134060,2020-10-17T17:22:34.3134060
"Ellipse",533,68.749537023127,103.02879878742,145.39408866995,2020-10-17T17:22:34.3134060,2020-10-17T17:22:34.3134060
"Ellipse",534,68.749537023127,123.54871220605,265.41955953714,2020-10-17T17:22:34.8078518,2020-10-17T17:22:34.8078518
"Ellipse",534,68.749537023127,103.03637741569,145.5479348238,2020-10-17T17:22:34.8078518,2020-10-17T17:22:34.8078518
"Ellipse",535,68.749537023127,123.50653228817,265.1993281075,2020-10-17T17:22:35.3073018,2020-10-17T17:22:35.3073018
"Ellipse",535,68.749537023127,102.9518757105,145.54490337249,2020-10-17T17:22:35.3073018,2020-10-17T17:22:35.3073018
"Ellipse",536,68.749537023127,124.40164240388,271.22321761851,2020-10-17T17:22:35.8167602,2020-10-17T17:22:35.8167602
"Ellipse",536,68.749537023127,103.0818491853,147.01174687382,2020-10-17T17:22:35.8167602,2020-10-17T17:22:35.8167602
"Ellipse",537,68.749537023127,124.68122433744,272.51586412841,2020-10-17T17:22:36.3082033,2020-10-17T17:22:36.3082033
"Ellipse",537,68.749537023127,103.15460401667,147.38234179614,2020-10-17T17:22:36.3082033,2020-10-17T17:22:36.3082033
"Ellipse",538,68.749537023127,124.72751026502,272.47032474804,2020-10-17T17:22:36.8066527,2020-10-17T17:22:36.8066527
"Ellipse",538,68.749537023127,103.0818491853,147.56726032588,2020-10-17T17:22:36.8066527,2020-10-17T17:22:36.8066527
"Ellipse",539,68.749537023127,124.63829787234,272.61888764464,2020-10-17T17:22:37.3081041,2020-10-17T17:22:37.3081041
"Ellipse",539,68.749537023127,103.04357711254,147.17885562713,2020-10-17T17:22:37.3081041,2020-10-17T17:22:37.3081041
"Ellipse",540,68.749537023127,124.74542739828,271.60321015304,2020-10-17T17:22:37.8085550,2020-10-17T17:22:37.8085550
"Ellipse",540,68.749537023127,103.25236832133,147.57180750284,2020-10-17T17:22:37.8085550,2020-10-17T17:22:37.8085550
"Ellipse",541,68.749537023127,124.72153788727,272.29899216125,2020-10-17T17:22:38.3080053,2020-10-17T17:22:38.3080053
"Ellipse",541,68.749537023127,103.16407730201,147.25805229254,2020-10-17T17:22:38.3080053,2020-10-17T17:22:38.3080053
"Ellipse",542,68.749537023127,124.49645390071,271.66144083613,2020-10-17T17:22:38.8074553,2020-10-17T17:22:38.8074553
"Ellipse",542,68.749537023127,103.1921182266,147.05987116332,2020-10-17T17:22:38.8074553,2020-10-17T17:22:38.8074553
"Ellipse",543,68.749537023127,123.44494214259,264.6599477417,2020-10-17T17:22:39.3079059,2020-10-17T17:22:39.3079059
"Ellipse",543,68.749537023127,102.97802197802,145.39219401288,2020-10-17T17:22:39.3079059,2020-10-17T17:22:39.3079059
"Ellipse",544,68.749537023127,123.320268757,264.65285554311,2020-10-17T17:22:39.8073559,2020-10-17T17:22:39.8073559
"Ellipse",544,68.749537023127,103.11367942402,145.51648351648,2020-10-17T17:22:39.8073559,2020-10-17T17:22:39.8073559
"Ellipse",545,68.749537023127,123.54572601717,265.26278462113,2020-10-17T17:22:40.3188167,2020-10-17T17:22:40.3188167
"Ellipse",545,68.749537023127,102.97915877226,145.52330428193,2020-10-17T17:22:40.3188167,2020-10-17T17:22:40.3188167
"Ellipse",546,68.749537023127,123.46845837999,264.64576334453,2020-10-17T17:22:40.8062558,2020-10-17T17:22:40.8062558
"Ellipse",546,68.749537023127,103.00871542251,145.69458128079,2020-10-17T17:22:40.8062558,2020-10-17T17:22:40.8062558
"Ellipse",547,68.749537023127,123.25531914894,262.74654721911,2020-10-17T17:22:41.3117112,2020-10-17T17:22:41.3117112
"Ellipse",547,68.749537023127,102.89579386131,144.74725274725,2020-10-17T17:22:41.3117112,2020-10-17T17:22:41.3117112
"Ellipse",548,68.749537023127,123.89473684211,266.35572974991,2020-10-17T17:22:41.8091594,2020-10-17T17:22:41.8091594
"Ellipse",548,68.749537023127,103.09852216749,145.30314513073,2020-10-17T17:22:41.8091594,2020-10-17T17:22:41.8091594
"Ellipse",549,68.749537023127,123.67525195969,266.69055617768,2020-10-17T17:22:42.3146148,2020-10-17T17:22:42.3146148
"Ellipse",549,68.749537023127,102.96097006442,145.69306555514,2020-10-17T17:22:42.3146148,2020-10-17T17:22:42.3146148
"Ellipse",550,68.749537023127,123.91302724897,265.57185516984,2020-10-17T17:22:42.8090603,2020-10-17T17:22:42.8090603
"Ellipse",550,68.749537023127,102.9575596817,145.53997726412,2020-10-17T17:22:42.8090603,2020-10-17T17:22:42.8090603
"Ellipse",551,68.749537023127,123.5274356103,266.22471071295,2020-10-17T17:22:43.3085103,2020-10-17T17:22:43.3085103
"Ellipse",551,68.749537023127,102.9208033346,145.28609321713,2020-10-17T17:22:43.3085103,2020-10-17T17:22:43.3085103
"Ellipse",552,68.749537023127,123.89361702128,266.09406494961,2020-10-17T17:22:43.8179693,2020-10-17T17:22:43.8179693
"Ellipse",552,68.749537023127,103.10117468738,145.77226222054,2020-10-17T17:22:43.8179693,2020-10-17T17:22:43.8179693
"Ellipse",553,68.749537023127,123.40164240388,265.83463979097,2020-10-17T17:22:44.3104130,2020-10-17T17:22:44.3104130
"Ellipse",553,68.749537023127,102.93558165972,145.65138309966,2020-10-17T17:22:44.3104130,2020-10-17T17:22:44.3104130
"Ellipse",554,68.749537023127,123.84285181038,266.47928331467,2020-10-17T17:22:44.8208732,2020-10-17T17:22:44.8208732
"Ellipse",554,68.749537023127,102.91436150057,145.90299355817,2020-10-17T17:22:44.8208732,2020-10-17T17:22:44.8208732
"Ellipse",555,68.749537023127,123.50093318402,266.48077640911,2020-10-17T17:22:45.3073111,2020-10-17T17:22:45.3073111
"Ellipse",555,68.749537023127,103.04471390678,145.77529367185,2020-10-17T17:22:45.3073111,2020-10-17T17:22:45.3073111
"Ellipse",556,68.749537023127,123.67375886525,266.09107876073,2020-10-17T17:22:45.8127656,2020-10-17T17:22:45.8127656
"Ellipse",556,68.749537023127,103.05532398636,145.60477453581,2020-10-17T17:22:45.8127656,2020-10-17T17:22:45.8127656
"Ellipse",557,68.749537023127,123.48674878686,265.3829787234,2020-10-17T17:22:46.3072120,2020-10-17T17:22:46.3072120
"Ellipse",557,68.749537023127,102.87343690792,145.3645320197,2020-10-17T17:22:46.3072120,2020-10-17T17:22:46.3072120
"Ellipse",558,68.749537023127,123.81821575215,266.41321388578,2020-10-17T17:22:46.8226767,2020-10-17T17:22:46.8226767
"Ellipse",558,68.749537023127,102.92610837438,145.26866237211,2020-10-17T17:22:46.8226767,2020-10-17T17:22:46.8226767
"Ellipse",559,68.749537023127,123.93579693916,265.87346024636,2020-10-17T17:22:47.3171219,2020-10-17T17:22:47.3171219
"Ellipse",559,68.749537023127,103.02311481622,145.41189844638,2020-10-17T17:22:47.3171219,2020-10-17T17:22:47.3171219
"Ellipse",560,68.749537023127,123.46435237029,266.55356476297,2020-10-17T17:22:47.8065632,2020-10-17T17:22:47.8065632
"Ellipse",560,68.749537023127,102.89010989011,146.03637741569,2020-10-17T17:22:47.8065632,2020-10-17T17:22:47.8065632
"Ellipse",561,68.749537023127,123.80179171333,266.00074654722,2020-10-17T17:22:48.3070141,2020-10-17T17:22:48.3070141
"Ellipse",561,68.749537023127,103.13489958318,145.37779461917,2020-10-17T17:22:48.3070141,2020-10-17T17:22:48.3070141
"Ellipse",562,68.749537023127,123.98768197089,268.27958193356,2020-10-17T17:22:48.8074720,2020-10-17T17:22:48.8074720
"Ellipse",562,68.749537023127,103.00909435392,145.91322470633,2020-10-17T17:22:48.8074720,2020-10-17T17:22:48.8074720
"Ellipse",563,68.749537023127,123.90780141844,267.73310936917,2020-10-17T17:22:49.3109205,2020-10-17T17:22:49.3109205
"Ellipse",563,68.749537023127,102.95680181887,146.24062144752,2020-10-17T17:22:49.3109205,2020-10-17T17:22:49.3109205
"Ellipse",564,68.749537023127,123.93019783501,268.02239641657,2020-10-17T17:22:49.8073697,2020-10-17T17:22:49.8073697
"Ellipse",564,68.749537023127,103.10079575597,146.30162940508,2020-10-17T17:22:49.8073697,2020-10-17T17:22:49.8073697
"Ellipse",565,68.749537023127,124.11758118701,268.40873460246,2020-10-17T17:22:50.3078164,2020-10-17T17:22:50.3078164
"Ellipse",565,68.749537023127,103.05987116332,146.15384615385,2020-10-17T17:22:50.3078164,2020-10-17T17:22:50.3078164
"Ellipse",566,68.749537023127,124.08958566629,268.50839865622,2020-10-17T17:22:50.8182763,2020-10-17T17:22:50.8182763
"Ellipse",566,68.749537023127,102.90943539219,146.17279272452,2020-10-17T17:22:50.8182763,2020-10-17T17:22:50.8182763
"Ellipse",567,68.749537023127,123.98917506532,267.34266517357,2020-10-17T17:22:51.3237346,2020-10-17T17:22:51.3237346
"Ellipse",567,68.749537023127,103.15308829102,145.76923076923,2020-10-17T17:22:51.3237346,2020-10-17T17:22:51.3237346
"Ellipse",568,68.749537023127,123.82642777156,267.57596117955,2020-10-17T17:22:51.8101700,2020-10-17T17:22:51.8101700
"Ellipse",568,68.749537023127,103.18226600985,145.64153088291,2020-10-17T17:22:51.8101700,2020-10-17T17:22:51.8101700
"Ellipse",569,68.749537023127,124.15453527436,267.86002239642,2020-10-17T17:22:52.3086197,2020-10-17T17:22:52.3086197
"Ellipse",569,68.749537023127,102.91701402046,145.87154225085,2020-10-17T17:22:52.3086197,2020-10-17T17:22:52.3086197
"Ellipse",570,68.749537023127,124.24150802538,268.28182157522,2020-10-17T17:22:52.8140802,2020-10-17T17:22:52.8140802
"Ellipse",570,68.749537023127,103.12353164077,145.76657824934,2020-10-17T17:22:52.8140802,2020-10-17T17:22:52.8140802
"Ellipse",571,68.749537023127,124.054497947,268.27211646137,2020-10-17T17:22:53.3085231,2020-10-17T17:22:53.3085231
"Ellipse",571,68.749537023127,103.01098901099,145.62978400909,2020-10-17T17:22:53.3085231,2020-10-17T17:22:53.3085231
"Ellipse",572,68.749537023127,123.9335572975,267.74505412467,2020-10-17T17:22:53.8099730,2020-10-17T17:22:53.8099730
"Ellipse",572,68.749537023127,102.9549071618,145.96059113301,2020-10-17T17:22:53.8099730,2020-10-17T17:22:53.8099730
"Ellipse",573,68.749537023127,123.7499066816,267.17730496454,2020-10-17T17:22:54.3064193,2020-10-17T17:22:54.3064193
"Ellipse",573,68.749537023127,102.80750284199,145.9435392194,2020-10-17T17:22:54.3064193,2020-10-17T17:22:54.3064193
"Ellipse",574,68.749537023127,123.93318402389,267.21127286301,2020-10-17T17:22:54.8108748,2020-10-17T17:22:54.8108748
"Ellipse",574,68.749537023127,102.98332701781,145.71352785146,2020-10-17T17:22:54.8108748,2020-10-17T17:22:54.8108748
"Ellipse",575,68.749537023127,123.93206420306,267.28331466965,2020-10-17T17:22:55.3213353,2020-10-17T17:22:55.3213353
"Ellipse",575,68.749537023127,102.92421371732,145.68169761273,2020-10-17T17:22:55.3213353,2020-10-17T17:22:55.3213353
"Ellipse",576,68.749537023127,123.85591638671,267.24822695036,2020-10-17T17:22:55.8197831,2020-10-17T17:22:55.8197831
"Ellipse",576,68.749537023127,103.07464948844,145.71011746874,2020-10-17T17:22:55.8197831,2020-10-17T17:22:55.8197831
"Ellipse",577,68.749537023127,123.80813736469,266.61627472938,2020-10-17T17:22:56.3142279,2020-10-17T17:22:56.3142279
"Ellipse",577,68.749537023127,103.04281924972,145.76392572944,2020-10-17T17:22:56.3142279,2020-10-17T17:22:56.3142279
"Ellipse",578,68.749537023127,123.62224710713,267.57894736842,2020-10-17T17:22:56.8206846,2020-10-17T17:22:56.8206846
"Ellipse",578,68.749537023127,102.98484274346,145.98749526336,2020-10-17T17:22:56.8206846,2020-10-17T17:22:56.8206846
"Ellipse",579,68.749537023127,123.82568122434,266.10190369541,2020-10-17T17:22:57.3061216,2020-10-17T17:22:57.3061216
"Ellipse",579,68.749537023127,103.05039787798,145.84160666919,2020-10-17T17:22:57.3061216,2020-10-17T17:22:57.3061216
"Ellipse",580,68.749537023127,123.48189622994,266.51474430758,2020-10-17T17:22:57.8245887,2020-10-17T17:22:57.8245887
"Ellipse",580,68.749537023127,102.86888973096,146.43198181129,2020-10-17T17:22:57.8245887,2020-10-17T17:22:57.8245887
"Ellipse",581,68.749537023127,123.67637178052,265.9413960433,2020-10-17T17:22:58.3060228,2020-10-17T17:22:58.3060228
"Ellipse",581,68.749537023127,103.10344827586,145.91057218643,2020-10-17T17:22:58.3060228,2020-10-17T17:22:58.3060228
"Ellipse",582,68.749537023127,123.54050018664,264.5782008212,2020-10-17T17:22:58.8224887,2020-10-17T17:22:58.8224887
"Ellipse",582,68.749537023127,103.1045850701,145.29973474801,2020-10-17T17:22:58.8224887,2020-10-17T17:22:58.8224887
"Ellipse",583,68.749537023127,123.57670772676,264.3553564763,2020-10-17T17:22:59.3079251,2020-10-17T17:22:59.3079251
"Ellipse",583,68.749537023127,103.02652519894,145.07995452823,2020-10-17T17:22:59.3079251,2020-10-17T17:22:59.3079251
"Ellipse",584,68.749537023127,123.52407614782,264.12728630086,2020-10-17T17:22:59.8143834,2020-10-17T17:22:59.8143834
"Ellipse",584,68.749537023127,102.9886320576,145.28040924593,2020-10-17T17:22:59.8143834,2020-10-17T17:22:59.8143834
"Ellipse",585,68.749537023127,123.42105263158,264.38223217619,2020-10-17T17:23:00.3078260,2020-10-17T17:23:00.3078260
"Ellipse",585,68.749537023127,103.07464948844,145.25615763547,2020-10-17T17:23:00.3078260,2020-10-17T17:23:00.3078260
"Ellipse",586,68.749537023127,123.56065696155,265.11384845092,2020-10-17T17:23:00.8122805,2020-10-17T17:23:00.8122805
"Ellipse",586,68.749537023127,103.08071239106,145.31602879879,2020-10-17T17:23:00.8122805,2020-10-17T17:23:00.8122805
"Ellipse",587,68.749537023127,123.24972004479,263.97797685704,2020-10-17T17:23:01.3207380,2020-10-17T17:23:01.3207380
"Ellipse",587,68.749537023127,103,144.96475937855,2020-10-17T17:23:01.3207380,2020-10-17T17:23:01.3207380
"Ellipse",588,68.749537023127,123.70287420679,264.72601717059,2020-10-17T17:23:01.8081787,2020-10-17T17:23:01.8081787
"Ellipse",588,68.749537023127,102.92459264873,145.14702538841,2020-10-17T17:23:01.8081787,2020-10-17T17:23:01.8081787
"Ellipse",589,68.749537023127,123.22545726017,263.5976110489,2020-10-17T17:23:02.3076268,2020-10-17T17:23:02.3076268
"Ellipse",589,68.749537023127,102.86282682834,145.39636225843,2020-10-17T17:23:02.3076268,2020-10-17T17:23:02.3076268
"Ellipse",590,68.749537023127,123.30720418066,264.06980216499,2020-10-17T17:23:02.8080806,2020-10-17T17:23:02.8080806
"Ellipse",590,68.749537023127,103.00909435392,145.0932171277,2020-10-17T17:23:02.8080806,2020-10-17T17:23:02.8080806
"Ellipse",591,68.749537023127,123.63120567376,264.21052631579,2020-10-17T17:23:03.3135376,2020-10-17T17:23:03.3135376
"Ellipse",591,68.749537023127,102.73891625616,145.08071239106,2020-10-17T17:23:03.3135376,2020-10-17T17:23:03.3135376
"Ellipse",592,68.749537023127,123.42403882046,264.61926091825,2020-10-17T17:23:03.8079795,2020-10-17T17:23:03.8079795
"Ellipse",592,68.749537023127,103.05759757484,144.84577491474,2020-10-17T17:23:03.8079795,2020-10-17T17:23:03.8079795
"Ellipse",593,68.749537023127,123.23292273236,263.51698394924,2020-10-17T17:23:04.3064289,2020-10-17T17:23:04.3064289
"Ellipse",593,68.749537023127,102.97574838954,145.27245168625,2020-10-17T17:23:04.3064289,2020-10-17T17:23:04.3064289
"Ellipse",594,68.749537023127,123.34117207913,263.77566256066,2020-10-17T17:23:04.8068795,2020-10-17T17:23:04.8068795
"Ellipse",594,68.749537023127,103.06403940887,145.21409624858,2020-10-17T17:23:04.8068795,2020-10-17T17:23:04.8068795
"Ellipse",595,68.749537023127,123.09630459127,264.11571481896,2020-10-17T17:23:05.3063298,2020-10-17T17:23:05.3063298
"Ellipse",595,68.749537023127,103.1186055324,145.08147025388,2020-10-17T17:23:05.3063298,2020-10-17T17:23:05.3063298
"Ellipse",596,68.749537023127,123.03994027622,264.06756252333,2020-10-17T17:23:05.8207927,2020-10-17T17:23:05.8207927
"Ellipse",596,68.749537023127,102.95225464191,145.40697233801,2020-10-17T17:23:05.8207927,2020-10-17T17:23:05.8207927
"Ellipse",597,68.749537023127,123.34714445689,263.02836879433,2020-10-17T17:23:06.3062307,2020-10-17T17:23:06.3062307
"Ellipse",597,68.749537023127,102.99772641152,145.45737021599,2020-10-17T17:23:06.3062307,2020-10-17T17:23:06.3062307
"Ellipse",598,68.749537023127,123.33631952221,262.92833146697,2020-10-17T17:23:06.8086853,2020-10-17T17:23:06.8086853
"Ellipse",598,68.749537023127,103.06138688897,145.24327396741,2020-10-17T17:23:06.8086853,2020-10-17T17:23:06.8086853
"Ellipse",599,68.749537023127,123.0429264651,263.33370660694,2020-10-17T17:23:07.3071347,2020-10-17T17:23:07.3071347
"Ellipse",599,68.749537023127,103.06403940887,145.09359605911,2020-10-17T17:23:07.3071347,2020-10-17T17:23:07.3071347
"Ellipse",600,68.749537023127,123.29899216125,263.16648002986,2020-10-17T17:23:07.8075820,2020-10-17T17:23:07.8075820
"Ellipse",600,68.749537023127,102.84804850322,144.99317923456,2020-10-17T17:23:07.8075820,2020-10-17T17:23:07.8075820
"Ellipse",601,68.749537023127,123.18215752146,263.68980963046,2020-10-17T17:23:08.3070346,2020-10-17T17:23:08.3070346
"Ellipse",601,68.749537023127,102.99848427435,144.9689276241,2020-10-17T17:23:08.3070346,2020-10-17T17:23:08.3070346
"Ellipse",602,68.749537023127,123.26651735722,263.17357222844,2020-10-17T17:23:08.8074842,2020-10-17T17:23:08.8074842
"Ellipse",602,68.749537023127,102.87874194771,145.05305039788,2020-10-17T17:23:08.8074842,2020-10-17T17:23:08.8074842
"Ellipse",603,68.749537023127,122.9843225084,263.27435610302,2020-10-17T17:23:09.3079348,2020-10-17T17:23:09.3079348
"Ellipse",603,68.749537023127,103.04433497537,145.04092459265,2020-10-17T17:23:09.3079348,2020-10-17T17:23:09.3079348
"Ellipse",604,68.749537023127,123.46061963419,263.20418066443,2020-10-17T17:23:09.8073847,2020-10-17T17:23:09.8073847
"Ellipse",604,68.749537023127,103.18529746116,145.4236453202,2020-10-17T17:23:09.8073847,2020-10-17T17:23:09.8073847
"Ellipse",605,68.749537023127,122.97312430011,262.73161627473,2020-10-17T17:23:10.3178469,2020-10-17T17:23:10.3178469
"Ellipse",605,68.749537023127,102.80409245927,144.87419477075,2020-10-17T17:23:10.3178469,2020-10-17T17:23:10.3178469
"Ellipse",606,68.749537023127,123.28816722658,262.7304964539,2020-10-17T17:23:10.8072917,2020-10-17T17:23:10.8072917
"Ellipse",606,68.749537023127,103.07427055703,144.80106100796,2020-10-17T17:23:10.8072917,2020-10-17T17:23:10.8072917
"Ellipse",607,68.749537023127,122.75998506906,264.30981709593,2020-10-17T17:23:11.3217495,2020-10-17T17:23:11.3217495
"Ellipse",607,68.749537023127,103.09549071618,145.55323986359,2020-10-17T17:23:11.3217495,2020-10-17T17:23:11.3217495
"Ellipse",608,68.749537023127,122.1638671146,263.18626353117,2020-10-17T17:23:11.8061856,2020-10-17T17:23:11.8061856
"Ellipse",608,68.749537023127,102.99355816597,144.39484653278,2020-10-17T17:23:11.8061856,2020-10-17T17:23:11.8061856
"Ellipse",609,68.749537023127,122.17506532288,264.53340798806,2020-10-17T17:23:12.3196482,2020-10-17T17:23:12.3196482
"Ellipse",609,68.749537023127,102.77794619174,144.76657824934,2020-10-17T17:23:12.3196482,2020-10-17T17:23:12.3196482
"Ellipse",610,68.749537023127,121.95371407242,264.65098917507,2020-10-17T17:23:12.8060887,2020-10-17T17:23:12.8060887
"Ellipse",610,68.749537023127,102.90640394089,144.73664266768,2020-10-17T17:23:12.8060887,2020-10-17T17:23:12.8060887
"Ellipse",611,68.749537023127,121.97984322508,264.17543859649,2020-10-17T17:23:13.3115419,2020-10-17T17:23:13.3115419
"Ellipse",611,68.749537023127,102.84009094354,144.77150435771,2020-10-17T17:23:13.3115419,2020-10-17T17:23:13.3115419
"Ellipse",612,68.749537023127,122.34229189996,263.83911907428,2020-10-17T17:23:13.8069892,2020-10-17T17:23:13.8069892
"Ellipse",612,68.749537023127,102.94998105343,144.99696854869,2020-10-17T17:23:13.8069892,2020-10-17T17:23:13.8069892
"Ellipse",613,68.749537023127,122.17917133259,262.50093318402,2020-10-17T17:23:14.3094412,2020-10-17T17:23:14.3094412
"Ellipse",613,68.749537023127,102.78779840849,144.44297082228,2020-10-17T17:23:14.3094412,2020-10-17T17:23:14.3094412
"Ellipse",614,68.749537023127,122.23068309071,263.19634191863,2020-10-17T17:23:14.8068894,2020-10-17T17:23:14.8068894
"Ellipse",614,68.749537023127,102.9181508147,144.56763925729,2020-10-17T17:23:14.8068894,2020-10-17T17:23:14.8068894
"Ellipse",615,68.749537023127,122.13549832027,262.7263904442,2020-10-17T17:23:15.3083409,2020-10-17T17:23:15.3083409
"Ellipse",615,68.749537023127,102.87457370216,144.58810155362,2020-10-17T17:23:15.3083409,2020-10-17T17:23:15.3083409
"Ellipse",616,68.749537023127,122.01231802912,260.99141470698,2020-10-17T17:23:15.8157984,2020-10-17T17:23:15.8157984
"Ellipse",616,68.749537023127,102.91587722622,144.73777946192,2020-10-17T17:23:15.8157984,2020-10-17T17:23:15.8157984
"Ellipse",617,68.749537023127,122.60022396417,260.77230309817,2020-10-17T17:23:16.3102436,2020-10-17T17:23:16.3102436
"Ellipse",617,68.749537023127,103.02235695339,144.84009094354,2020-10-17T17:23:16.3102436,2020-10-17T17:23:16.3102436
"Ellipse",618,68.749537023127,122.76446435237,260.38148562897,2020-10-17T17:23:16.8187017,2020-10-17T17:23:16.8187017
"Ellipse",618,68.749537023127,102.95831754452,144.59264873058,2020-10-17T17:23:16.8187017,2020-10-17T17:23:16.8187017
"Ellipse",619,68.749537023127,122.73758865248,260.6289660321,2020-10-17T17:23:17.3081426,2020-10-17T17:23:17.3081426
"Ellipse",619,68.749537023127,102.91208791209,144.59568018189,2020-10-17T17:23:17.3081426,2020-10-17T17:23:17.3081426
"Ellipse",620,68.749537023127,122.62709966405,260.81896229937,2020-10-17T17:23:17.8065920,2020-10-17T17:23:17.8065920
"Ellipse",620,68.749537023127,102.87040545661,144.71731716559,2020-10-17T17:23:17.8065920,2020-10-17T17:23:17.8065920
"Ellipse",621,68.749537023127,122.44867487869,260.66629339306,2020-10-17T17:23:18.3130480,2020-10-17T17:23:18.3130480
"Ellipse",621,68.749537023127,102.86358469117,144.039408867,2020-10-17T17:23:18.3130480,2020-10-17T17:23:18.3130480
"Ellipse",622,68.749537023127,122.31914893617,261.9492347891,2020-10-17T17:23:18.8074935,2020-10-17T17:23:18.8074935
"Ellipse",622,68.749537023127,102.86510041683,144.75293671845,2020-10-17T17:23:18.8074935,2020-10-17T17:23:18.8074935
"Ellipse",623,68.749537023127,122.14818962299,261.75438596491,2020-10-17T17:23:19.3079444,2020-10-17T17:23:19.3079444
"Ellipse",623,68.749537023127,102.96059113301,144.79310344828,2020-10-17T17:23:19.3079444,2020-10-17T17:23:19.3079444
"Ellipse",624,68.749537023127,122.12653975364,260.82680104517,2020-10-17T17:23:19.8063935,2020-10-17T17:23:19.8063935
"Ellipse",624,68.749537023127,102.8192497158,144.92345585449,2020-10-17T17:23:19.8063935,2020-10-17T17:23:19.8063935
"Ellipse",625,68.749537023127,122.2303098171,260.29488615155,2020-10-17T17:23:20.3108480,2020-10-17T17:23:20.3108480
"Ellipse",625,68.749537023127,103.12504736643,144.53088291019,2020-10-17T17:23:20.3108480,2020-10-17T17:23:20.3108480
"Ellipse",626,68.749537023127,122.29899216125,261.45390070922,2020-10-17T17:23:20.8072952,2020-10-17T17:23:20.8072952
"Ellipse",626,68.749537023127,103.0197044335,144.28230390299,2020-10-17T17:23:20.8072952,2020-10-17T17:23:20.8072952
"Ellipse",627,68.749537023127,122.30720418066,260.92049272117,2020-10-17T17:23:21.3227597,2020-10-17T17:23:21.3227597
"Ellipse",627,68.749537023127,102.99469496021,144.64153088291,2020-10-17T17:23:21.3227597,2020-10-17T17:23:21.3227597
"Ellipse",628,68.749537023127,122.98021649869,263.50242627846,2020-10-17T17:23:21.8081970,2020-10-17T17:23:21.8081970
"Ellipse",628,68.749537023127,103.02349374763,145.64190981432,2020-10-17T17:23:21.8081970,2020-10-17T17:23:21.8081970
"Ellipse",629,68.749537023127,122.67823814856,264.00223964166,2020-10-17T17:23:22.3156542,2020-10-17T17:23:22.3156542
"Ellipse",629,68.749537023127,102.9435392194,145.65214096249,2020-10-17T17:23:22.3156542,2020-10-17T17:23:22.3156542
"Ellipse",630,68.749537023127,122.57708100037,264.53975363942,2020-10-17T17:23:22.8090988,2020-10-17T17:23:22.8090988
"Ellipse",630,68.749537023127,102.97688518378,145.50056839712,2020-10-17T17:23:22.8090988,2020-10-17T17:23:22.8090988
"Ellipse",631,68.749537023127,122.17319895483,266.09966405375,2020-10-17T17:23:23.3075479,2020-10-17T17:23:23.3075479
"Ellipse",631,68.749537023127,102.95225464191,145.57218643426,2020-10-17T17:23:23.3075479,2020-10-17T17:23:23.3075479
"Ellipse",632,68.749537023127,122.44792833147,266.58268010452,2020-10-17T17:23:23.8059979,2020-10-17T17:23:23.8059979
"Ellipse",632,68.749537023127,102.91777188329,145.63129973475,2020-10-17T17:23:23.8059979,2020-10-17T17:23:23.8059979
"Ellipse",633,68.749537023127,121.97984322508,266.28630085853,2020-10-17T17:23:24.3074487,2020-10-17T17:23:24.3074487
"Ellipse",633,68.749537023127,103.01932550208,145.28647214854,2020-10-17T17:23:24.3074487,2020-10-17T17:23:24.3074487
"Ellipse",634,68.749537023127,122.26390444196,265.812616648,2020-10-17T17:23:24.8078996,2020-10-17T17:23:24.8078996
"Ellipse",634,68.749537023127,102.86775293672,145.06593406593,2020-10-17T17:23:24.8078996,2020-10-17T17:23:24.8078996
"Ellipse",635,68.749537023127,122.14781634938,264.6677864875,2020-10-17T17:23:25.3143559,2020-10-17T17:23:25.3143559
"Ellipse",635,68.749537023127,102.85373247442,145.23342175066,2020-10-17T17:23:25.3143559,2020-10-17T17:23:25.3143559
"Ellipse",636,68.749537023127,122.13923105636,264.54833893244,2020-10-17T17:23:25.8098026,2020-10-17T17:23:25.8098026
"Ellipse",636,68.749537023127,102.87912087912,145.45054945055,2020-10-17T17:23:25.8098026,2020-10-17T17:23:25.8098026
"Ellipse",637,68.749537023127,122.43673012318,263.38895110116,2020-10-17T17:23:26.3072505,2020-10-17T17:23:26.3072505
"Ellipse",637,68.749537023127,102.75748389542,145.36870026525,2020-10-17T17:23:26.3072505,2020-10-17T17:23:26.3072505
"Ellipse",638,68.749537023127,122.74430757745,262.44344904815,2020-10-17T17:23:26.8177104,2020-10-17T17:23:26.8177104
"Ellipse",638,68.749537023127,102.78855627132,145.3899204244,2020-10-17T17:23:26.8177104,2020-10-17T17:23:26.8177104
"Ellipse",639,68.749537023127,122.81597611049,262.15714818962,2020-10-17T17:23:27.3061527,2020-10-17T17:23:27.3061527
"Ellipse",639,68.749537023127,102.79007199697,145.36187949981,2020-10-17T17:23:27.3061527,2020-10-17T17:23:27.3061527
"Ellipse",640,68.749537023127,122.91675998507,262.88055244494,2020-10-17T17:23:27.8186122,2020-10-17T17:23:27.8186122
"Ellipse",640,68.749537023127,102.94012883668,145.0791966654,2020-10-17T17:23:27.8186122,2020-10-17T17:23:27.8186122
"Ellipse",641,68.749537023127,122.75438596491,262.35199701381,2020-10-17T17:23:28.3140589,2020-10-17T17:23:28.3140589
"Ellipse",641,68.749537023127,102.99317923456,144.74725274725,2020-10-17T17:23:28.3140589,2020-10-17T17:23:28.3140589
"Ellipse",642,68.749537023127,122.64128406122,262.8085106383,2020-10-17T17:23:28.8085040,2020-10-17T17:23:28.8085040
"Ellipse",642,68.749537023127,102.98067449792,145.22697991664,2020-10-17T17:23:28.8085040,2020-10-17T17:23:28.8085040
"Ellipse",643,68.749537023127,122.8357596118,262.36356849571,2020-10-17T17:23:29.3059522,2020-10-17T17:23:29.3059522
"Ellipse",643,68.749537023127,102.82910193255,145.08677529367,2020-10-17T17:23:29.3059522,2020-10-17T17:23:29.3059522
"Ellipse",644,68.749537023127,123.05039193729,262.85591638671,2020-10-17T17:23:29.8104070,2020-10-17T17:23:29.8104070
"Ellipse",644,68.749537023127,103.06252368321,145.16748768473,2020-10-17T17:23:29.8104070,2020-10-17T17:23:29.8104070
"Ellipse",645,68.749537023127,122.85442329227,262.24038820455,2020-10-17T17:23:30.3238732,2020-10-17T17:23:30.3238732
"Ellipse",645,68.749537023127,102.99317923456,144.66426676772,2020-10-17T17:23:30.3238732,2020-10-17T17:23:30.3238732
"Ellipse",646,68.749537023127,122.88727136991,262.72340425532,2020-10-17T17:23:30.8083103,2020-10-17T17:23:30.8083103
"Ellipse",646,68.749537023127,102.74876847291,145.01894657067,2020-10-17T17:23:30.8083103,2020-10-17T17:23:30.8083103
"Ellipse",647,68.749537023127,122.98096304591,261.99104143337,2020-10-17T17:23:31.3167642,2020-10-17T17:23:31.3167642
"Ellipse",647,68.749537023127,102.97953770368,145.12694202349,2020-10-17T17:23:31.3167642,2020-10-17T17:23:31.3167642
"Ellipse",648,68.749537023127,122.90854796566,262.21127286301,2020-10-17T17:23:31.8102084,2020-10-17T17:23:31.8102084
"Ellipse",648,68.749537023127,102.89048882152,144.76506252368,2020-10-17T17:23:31.8102084,2020-10-17T17:23:31.8102084
"Ellipse",649,68.749537023127,122.83053378126,262.72303098171,2020-10-17T17:23:32.3136620,2020-10-17T17:23:32.3136620
"Ellipse",649,68.749537023127,102.97574838954,145.18529746116,2020-10-17T17:23:32.3136620,2020-10-17T17:23:32.3136620
"Ellipse",650,68.749537023127,123.09630459127,263.1993281075,2020-10-17T17:23:32.8181169,2020-10-17T17:23:32.8181169
"Ellipse",650,68.749537023127,102.81887078439,145.24592648731,2020-10-17T17:23:32.8181169,2020-10-17T17:23:32.8181169
"Ellipse",651,68.749537023127,122.44606196342,262.40500186637,2020-10-17T17:23:33.3085587,2020-10-17T17:23:33.3085587
"Ellipse",651,68.749537023127,102.99393709739,144.86813186813,2020-10-17T17:23:33.3085587,2020-10-17T17:23:33.3085587
"Ellipse",652,68.749537023127,123.39678984696,261.9570735349,2020-10-17T17:23:33.8180174,2020-10-17T17:23:33.8180174
"Ellipse",652,68.749537023127,102.94164456233,145.22963243653,2020-10-17T17:23:33.8180174,2020-10-17T17:23:33.8180174
"Ellipse",653,68.749537023127,122.84807764091,263.492347891,2020-10-17T17:23:34.3064575,2020-10-17T17:23:34.3064575
"Ellipse",653,68.749537023127,102.94088669951,144.9461917393,2020-10-17T17:23:34.3064575,2020-10-17T17:23:34.3064575
"Ellipse",654,68.749537023127,123.58939902949,266.85964912281,2020-10-17T17:23:34.8159168,2020-10-17T17:23:34.8159168
"Ellipse",654,68.749537023127,103.14437286851,145.80485032209,2020-10-17T17:23:34.8159168,2020-10-17T17:23:34.8159168
"Ellipse",655,68.749537023127,123.57334826428,266.56849570735,2020-10-17T17:23:35.3063583,2020-10-17T17:23:35.3063583
"Ellipse",655,68.749537023127,103.0875331565,145.78363016294,2020-10-17T17:23:35.3063583,2020-10-17T17:23:35.3063583
"Ellipse",656,68.749537023127,123.71967151922,266.28742067936,2020-10-17T17:23:35.8178246,2020-10-17T17:23:35.8178246
"Ellipse",656,68.749537023127,102.93709738537,146.06290261463,2020-10-17T17:23:35.8178246,2020-10-17T17:23:35.8178246
"Ellipse",657,68.749537023127,123.52519596865,266.30645763345,2020-10-17T17:23:36.3072624,2020-10-17T17:23:36.3072624
"Ellipse",657,68.749537023127,102.99810534293,145.49829480864,2020-10-17T17:23:36.3072624,2020-10-17T17:23:36.3072624
"Ellipse",658,68.749537023127,123.72452407615,266.11646136618,2020-10-17T17:23:36.8177261,2020-10-17T17:23:36.8177261
"Ellipse",658,68.749537023127,103.03637741569,145.76430466086,2020-10-17T17:23:36.8177261,2020-10-17T17:23:36.8177261
"Ellipse",659,68.749537023127,123.65285554311,266.08062709966,2020-10-17T17:23:37.3071610,2020-10-17T17:23:37.3071610
"Ellipse",659,68.749537023127,103.10761652141,145.57256536567,2020-10-17T17:23:37.3071610,2020-10-17T17:23:37.3071610
"Ellipse",660,68.749537023127,123.78686076894,266.23292273236,2020-10-17T17:23:37.8126164,2020-10-17T17:23:37.8126164
"Ellipse",660,68.749537023127,103.13982569155,145.94770746495,2020-10-17T17:23:37.8126164,2020-10-17T17:23:37.8126164
"Ellipse",661,68.749537023127,123.57633445315,266.00746547219,2020-10-17T17:23:38.3210748,2020-10-17T17:23:38.3210748
"Ellipse",661,68.749537023127,103.05456612353,145.310723759,2020-10-17T17:23:38.3210748,2020-10-17T17:23:38.3210748
"Ellipse",662,68.749537023127,123.7148189623,265.7185516984,2020-10-17T17:23:38.8085137,2020-10-17T17:23:38.8085137
"Ellipse",662,68.749537023127,103.08525956802,145.69117089807,2020-10-17T17:23:38.8085137,2020-10-17T17:23:38.8085137
"Ellipse",663,68.749537023127,123.69391564016,266.0899589399,2020-10-17T17:23:39.3139694,2020-10-17T17:23:39.3139694
"Ellipse",663,68.749537023127,102.92762410004,145.91739295188,2020-10-17T17:23:39.3139694,2020-10-17T17:23:39.3139694
"Ellipse",664,68.749537023127,123.44158268011,266.27025009332,2020-10-17T17:23:39.8204305,2020-10-17T17:23:39.8204305
"Ellipse",664,68.749537023127,102.99014778325,145.94732853354,2020-10-17T17:23:39.8204305,2020-10-17T17:23:39.8204305
"Ellipse",665,68.749537023127,123.51362448675,266.91265397536,2020-10-17T17:23:40.3078680,2020-10-17T17:23:40.3078680
"Ellipse",665,68.749537023127,102.80295566503,146.1807502842,2020-10-17T17:23:40.3078680,2020-10-17T17:23:40.3078680
"Ellipse",666,68.749537023127,123.46397909668,266.18215752146,2020-10-17T17:23:40.8073155,2020-10-17T17:23:40.8073155
"Ellipse",666,68.749537023127,103.17127699886,145.75445244411,2020-10-17T17:23:40.8073155,2020-10-17T17:23:40.8073155
"Ellipse",667,68.749537023127,123.70100783875,265.87234042553,2020-10-17T17:23:41.3167735,2020-10-17T17:23:41.3167735
"Ellipse",667,68.749537023127,102.96930655551,145.98938992042,2020-10-17T17:23:41.3167735,2020-10-17T17:23:41.3167735
"Ellipse",668,68.749537023127,123.58268010452,265.94998133632,2020-10-17T17:23:41.8232298,2020-10-17T17:23:41.8232298
"Ellipse",668,68.749537023127,102.97840090944,145.67374005305,2020-10-17T17:23:41.8232298,2020-10-17T17:23:41.8232298
"Ellipse",669,68.749537023127,123.59275849198,266.0977976857,2020-10-17T17:23:42.3196771,2020-10-17T17:23:42.3196771
"Ellipse",669,68.749537023127,102.82455475559,145.90185676393,2020-10-17T17:23:42.3196771,2020-10-17T17:23:42.3196771
"Ellipse",670,68.749537023127,123.62150055991,265.06756252333,2020-10-17T17:23:42.8071188,2020-10-17T17:23:42.8071188
"Ellipse",670,68.749537023127,102.87874194771,145.63887836302,2020-10-17T17:23:42.8071188,2020-10-17T17:23:42.8071188
"Ellipse",671,68.749537023127,123.93318402389,266.16312056738,2020-10-17T17:23:43.3155734,2020-10-17T17:23:43.3155734
"Ellipse",671,68.749537023127,102.94278135657,145.75369458128,2020-10-17T17:23:43.3155734,2020-10-17T17:23:43.3155734
"Ellipse",672,68.749537023127,123.75363941769,265.97387084733,2020-10-17T17:23:43.8080171,2020-10-17T17:23:43.8080171
"Ellipse",672,68.749537023127,102.8840469875,145.94998105343,2020-10-17T17:23:43.8080171,2020-10-17T17:23:43.8080171
"Ellipse",673,68.749537023127,123.51810377006,265.45464725644,2020-10-17T17:23:44.3224838,2020-10-17T17:23:44.3224838
"Ellipse",673,68.749537023127,103.02008336491,145.59226979917,2020-10-17T17:23:44.3224838,2020-10-17T17:23:44.3224838
"Ellipse",674,68.749537023127,123.37476670399,266.52220977977,2020-10-17T17:23:44.8059206,2020-10-17T17:23:44.8059206
"Ellipse",674,68.749537023127,102.89920424403,145.6131110269,2020-10-17T17:23:44.8059206,2020-10-17T17:23:44.8059206
"Ellipse",675,68.749537023127,123.61739455021,266.37140724151,2020-10-17T17:23:45.3133746,2020-10-17T17:23:45.3133746
"Ellipse",675,68.749537023127,102.79765062524,145.77415687761,2020-10-17T17:23:45.3133746,2020-10-17T17:23:45.3133746
"Ellipse",676,68.749537023127,123.17133258679,266.17021276596,2020-10-17T17:23:45.8078281,2020-10-17T17:23:45.8078281
"Ellipse",676,68.749537023127,103.05759757484,145.46532777567,2020-10-17T17:23:45.8078281,2020-10-17T17:23:45.8078281
"Ellipse",677,68.749537023127,123.67711832773,265.74057484136,2020-10-17T17:23:46.3082751,2020-10-17T17:23:46.3082751
"Ellipse",677,68.749537023127,102.99886320576,145.43539219401,2020-10-17T17:23:46.3082751,2020-10-17T17:23:46.3082751
"Ellipse",678,68.749537023127,123.2773422919,262.20418066443,2020-10-17T17:23:46.8227342,2020-10-17T17:23:46.8227342
"Ellipse",678,68.749537023127,103.04092459265,142.824933687,2020-10-17T17:23:46.8227342,2020-10-17T17:23:46.8227342
"Ellipse",679,68.749537023127,123.60619634192,264.98506905562,2020-10-17T17:23:47.3081728,2020-10-17T17:23:47.3081728
"Ellipse",679,68.749537023127,103.04547176961,145.16066691929,2020-10-17T17:23:47.3081728,2020-10-17T17:23:47.3081728
"Ellipse",680,68.749537023127,123.679731243,265.40313549832,2020-10-17T17:23:47.8076218,2020-10-17T17:23:47.8076218
"Ellipse",680,68.749537023127,103.06744979159,145.02311481622,2020-10-17T17:23:47.8076218,2020-10-17T17:23:47.8076218
"Ellipse",681,68.749537023127,123.36356849571,265.03172825681,2020-10-17T17:23:48.3070715,2020-10-17T17:23:48.3070715
"Ellipse",681,68.749537023127,103.0450928382,144.99204244032,2020-10-17T17:23:48.3070715,2020-10-17T17:23:48.3070715
"Ellipse",682,68.749537023127,123.40686823442,263.83165360209,2020-10-17T17:23:48.8075224,2020-10-17T17:23:48.8075224
"Ellipse",682,68.749537023127,102.97840090944,144.75824175824,2020-10-17T17:23:48.8075224,2020-10-17T17:23:48.8075224
"Ellipse",683,68.749537023127,123.2071668533,266.0623366928,2020-10-17T17:23:49.3229858,2020-10-17T17:23:49.3229858
"Ellipse",683,68.749537023127,102.94694960212,146.02463054187,2020-10-17T17:23:49.3229858,2020-10-17T17:23:49.3229858
"Ellipse",684,68.749537023127,123.69876819709,266.19895483389,2020-10-17T17:23:49.8074232,2020-10-17T17:23:49.8074232
"Ellipse",684,68.749537023127,102.80522925351,145.96513830997,2020-10-17T17:23:49.8074232,2020-10-17T17:23:49.8074232
"Ellipse",685,68.749537023127,123.47891004106,266.29600597238,2020-10-17T17:23:50.3098759,2020-10-17T17:23:50.3098759
"Ellipse",685,68.749537023127,102.9943160288,145.38954149299,2020-10-17T17:23:50.3098759,2020-10-17T17:23:50.3098759
"Ellipse",686,68.749537023127,123.46211272863,266.53863381859,2020-10-17T17:23:50.8063232,2020-10-17T17:23:50.8063232
"Ellipse",686,68.749537023127,103.04660856385,145.56688139447,2020-10-17T17:23:50.8063232,2020-10-17T17:23:50.8063232
"Ellipse",687,68.749537023127,123.35871593878,266.57969391564,2020-10-17T17:23:51.3177840,2020-10-17T17:23:51.3177840
"Ellipse",687,68.749537023127,102.88063660478,145.16521409625,2020-10-17T17:23:51.3177840,2020-10-17T17:23:51.3177840
"Ellipse",688,68.749537023127,123.64949608063,266.12280701754,2020-10-17T17:23:51.8112286,2020-10-17T17:23:51.8112286
"Ellipse",688,68.749537023127,102.89200454718,146.00682076544,2020-10-17T17:23:51.8112286,2020-10-17T17:23:51.8112286
"Ellipse",689,68.749537023127,123.61851437103,266.75214632326,2020-10-17T17:23:52.3236903,2020-10-17T17:23:52.3236903
"Ellipse",689,68.749537023127,102.9208033346,145.87078438803,2020-10-17T17:23:52.3236903,2020-10-17T17:23:52.3236903
"Ellipse",690,68.749537023127,123.32250839866,265.54871220605,2020-10-17T17:23:52.8201379,2020-10-17T17:23:52.8201379
"Ellipse",690,68.749537023127,103.01288366806,145.82341796135,2020-10-17T17:23:52.8201379,2020-10-17T17:23:52.8201379
"Ellipse",691,68.749537023127,123.22844344905,265.68570362075,2020-10-17T17:23:53.3085825,2020-10-17T17:23:53.3085825
"Ellipse",691,68.749537023127,102.90450928382,145.92724516862,2020-10-17T17:23:53.3085825,2020-10-17T17:23:53.3085825
"Ellipse",692,68.749537023127,123.64762971258,265.61291526689,2020-10-17T17:23:53.8070296,2020-10-17T17:23:53.8070296
"Ellipse",692,68.749537023127,103.09776430466,146.32133383858,2020-10-17T17:23:53.8070296,2020-10-17T17:23:53.8070296
"Ellipse",693,68.749537023127,123.27958193356,265.46957820082,2020-10-17T17:23:54.3104803,2020-10-17T17:23:54.3104803
"Ellipse",693,68.749537023127,102.82834406972,145.54035619553,2020-10-17T17:23:54.3104803,2020-10-17T17:23:54.3104803
"Ellipse",694,68.749537023127,122.66106756252,259.64016424039,2020-10-17T17:23:54.8069276,2020-10-17T17:23:54.8069276
"Ellipse",694,68.749537023127,102.82834406972,144.30011367942,2020-10-17T17:23:54.8069276,2020-10-17T17:23:54.8069276
"Ellipse",695,68.749537023127,122.80552444942,259.17618514371,2020-10-17T17:23:55.3083794,2020-10-17T17:23:55.3083794
"Ellipse",695,68.749537023127,102.80257673361,144.20121258052,2020-10-17T17:23:55.3083794,2020-10-17T17:23:55.3083794
"Ellipse",696,68.749537023127,122.5819335573,260.10899589399,2020-10-17T17:23:55.8078307,2020-10-17T17:23:55.8078307
"Ellipse",696,68.749537023127,102.80750284199,144.44941265631,2020-10-17T17:23:55.8078307,2020-10-17T17:23:55.8078307
"Ellipse",697,68.749537023127,122.91452034341,260.0115714819,2020-10-17T17:23:56.3082851,2020-10-17T17:23:56.3082851
"Ellipse",697,68.749537023127,102.96362258431,144.25918908678,2020-10-17T17:23:56.3082851,2020-10-17T17:23:56.3082851
"Ellipse",698,68.749537023127,122.8163493841,261.3751399776,2020-10-17T17:23:56.8177396,2020-10-17T17:23:56.8177396
"Ellipse",698,68.749537023127,102.92156119742,144.29518757105,2020-10-17T17:23:56.8177396,2020-10-17T17:23:56.8177396
"Ellipse",699,68.749537023127,123.77640910788,265.59798432251,2020-10-17T17:23:57.3081856,2020-10-17T17:23:57.3081856
"Ellipse",699,68.749537023127,103.16218264494,145.87267904509,2020-10-17T17:23:57.3081856,2020-10-17T17:23:57.3081856
"Ellipse",700,68.749537023127,123.61515490855,265.73646883165,2020-10-17T17:23:57.8096368,2020-10-17T17:23:57.8096368
"Ellipse",700,68.749537023127,102.96665403562,145.69230769231,2020-10-17T17:23:57.8096368,2020-10-17T17:23:57.8096368
"Ellipse",701,68.749537023127,123.48600223964,264.99962672639,2020-10-17T17:23:58.3060818,2020-10-17T17:23:58.3060818
"Ellipse",701,68.749537023127,103.10193255021,145.53543008715,2020-10-17T17:23:58.3060818,2020-10-17T17:23:58.3060818
"Ellipse",702,68.749537023127,123.76894363569,264.37700634565,2020-10-17T17:23:58.8225458,2020-10-17T17:23:58.8225458
"Ellipse",702,68.749537023127,103.05418719212,145.50208412277,2020-10-17T17:23:58.8225458,2020-10-17T17:23:58.8225458
"Ellipse",703,68.749537023127,122.38820455394,260.18924972005,2020-10-17T17:23:59.3059836,2020-10-17T17:23:59.3059836
"Ellipse",703,68.749537023127,102.84729064039,144.06517620311,2020-10-17T17:23:59.3059836,2020-10-17T17:23:59.3059836
"Ellipse",704,68.749537023127,122.75214632326,260.45240761478,2020-10-17T17:23:59.8184428,2020-10-17T17:23:59.8184428
"Ellipse",704,68.749537023127,102.98105342933,144.54755589238,2020-10-17T17:23:59.8184428,2020-10-17T17:23:59.8184428
"Ellipse",705,68.749537023127,122.66330720418,260.2538260545,2020-10-17T17:24:00.3078857,2020-10-17T17:24:00.3078857
"Ellipse",705,68.749537023127,102.97688518378,143.98408488064,2020-10-17T17:24:00.3078857,2020-10-17T17:24:00.3078857
"Ellipse",706,68.749537023127,122.70399402762,261.00970511385,2020-10-17T17:24:00.8063328,2020-10-17T17:24:00.8063328
"Ellipse",706,68.749537023127,103.00189465707,144.07654414551,2020-10-17T17:24:00.8063328,2020-10-17T17:24:00.8063328
"Ellipse",707,68.749537023127,122.65360209033,259.89137737962,2020-10-17T17:24:01.3187945,2020-10-17T17:24:01.3187945
"Ellipse",707,68.749537023127,102.8840469875,143.98181129216,2020-10-17T17:24:01.3187945,2020-10-17T17:24:01.3187945
"Ellipse",708,68.749537023127,122.36991414707,260.23142963793,2020-10-17T17:24:01.8112405,2020-10-17T17:24:01.8112405
"Ellipse",708,68.749537023127,102.89730958697,144.06744979159,2020-10-17T17:24:01.8112405,2020-10-17T17:24:01.8112405
"Ellipse",709,68.749537023127,122.80813736469,260.45949981336,2020-10-17T17:24:02.3086877,2020-10-17T17:24:02.3086877
"Ellipse",709,68.749537023127,103.05380826071,144.43993937097,2020-10-17T17:24:02.3086877,2020-10-17T17:24:02.3086877
"Ellipse",710,68.749537023127,123.28667413214,263.34639790967,2020-10-17T17:24:02.8081364,2020-10-17T17:24:02.8081364
"Ellipse",710,68.749537023127,103.10989010989,144.96665403562,2020-10-17T17:24:02.8081364,2020-10-17T17:24:02.8081364
"Ellipse",711,68.749537023127,123.3982829414,265.31093691676,2020-10-17T17:24:03.3225999,2020-10-17T17:24:03.3225999
"Ellipse",711,68.749537023127,102.9518757105,145.53239863585,2020-10-17T17:24:03.3225999,2020-10-17T17:24:03.3225999
"Ellipse",712,68.749537023127,123.19559537141,264.93393057111,2020-10-17T17:24:03.8080373,2020-10-17T17:24:03.8080373
"Ellipse",712,68.749537023127,103.02046229632,145.69723380068,2020-10-17T17:24:03.8080373,2020-10-17T17:24:03.8080373
"Ellipse",713,68.749537023127,123.65546845838,265.63605823068,2020-10-17T17:24:04.3184972,2020-10-17T17:24:04.3184972
"Ellipse",713,68.749537023127,103.1102690413,145.19173929519,2020-10-17T17:24:04.3184972,2020-10-17T17:24:04.3184972
"Ellipse",714,68.749537023127,123.6446435237,264.93878312803,2020-10-17T17:24:04.8079420,2020-10-17T17:24:04.8079420
"Ellipse",714,68.749537023127,102.83933308071,145.50701023115,2020-10-17T17:24:04.8079420,2020-10-17T17:24:04.8079420
"Ellipse",715,68.749537023127,123.507652109,265.12952594252,2020-10-17T17:24:05.3073894,2020-10-17T17:24:05.3073894
"Ellipse",715,68.749537023127,102.90337248958,145.56081849185,2020-10-17T17:24:05.3073894,2020-10-17T17:24:05.3073894
"Ellipse",716,68.749537023127,123.61254199328,264.63083240015,2020-10-17T17:24:05.8108417,2020-10-17T17:24:05.8108417
"Ellipse",716,68.749537023127,102.87874194771,145.69950738916,2020-10-17T17:24:05.8108417,2020-10-17T17:24:05.8108417
"Ellipse",717,68.749537023127,123.6054497947,264.45390070922,2020-10-17T17:24:06.3132944,2020-10-17T17:24:06.3132944
"Ellipse",717,68.749537023127,102.91663508905,145.42212959454,2020-10-17T17:24:06.3132944,2020-10-17T17:24:06.3132944
"Ellipse",718,68.749537023127,123.17805151176,265.25419932811,2020-10-17T17:24:06.8177489,2020-10-17T17:24:06.8177489
"Ellipse",718,68.749537023127,103.01061007958,145.53618794998,2020-10-17T17:24:06.8177489,2020-10-17T17:24:06.8177489
"Ellipse",719,68.749537023127,123.49570735349,264.90892123927,2020-10-17T17:24:07.3181998,2020-10-17T17:24:07.3181998
"Ellipse",719,68.749537023127,103.17203486169,145.26904130352,2020-10-17T17:24:07.3181998,2020-10-17T17:24:07.3181998
"Ellipse",720,68.749537023127,123.21687196715,265.23142963793,2020-10-17T17:24:07.8136500,2020-10-17T17:24:07.8136500
"Ellipse",720,68.749537023127,102.93179234559,145.27699886321,2020-10-17T17:24:07.8136500,2020-10-17T17:24:07.8136500
"Ellipse",721,68.749537023127,123.0664427025,265.95744680851,2020-10-17T17:24:08.3090951,2020-10-17T17:24:08.3090951
"Ellipse",721,68.749537023127,103.01439939371,145.36756347101,2020-10-17T17:24:08.3090951,2020-10-17T17:24:08.3090951
"Ellipse",722,68.749537023127,122.60619634192,268.10377006346,2020-10-17T17:24:08.8085457,2020-10-17T17:24:08.8085457
"Ellipse",722,68.749537023127,102.796513831,145.80750284199,2020-10-17T17:24:08.8085457,2020-10-17T17:24:08.8085457
"Ellipse",723,68.749537023127,121.80141843972,261.51810377006,2020-10-17T17:24:09.3190021,2020-10-17T17:24:09.3190021
"Ellipse",723,68.749537023127,102.74876847291,144.05191360364,2020-10-17T17:24:09.3190021,2020-10-17T17:24:09.3190021
"Ellipse",724,68.749537023127,121.73796192609,262.39193729003,2020-10-17T17:24:09.8094456,2020-10-17T17:24:09.8094456
"Ellipse",724,68.749537023127,102.93747631679,143.53277756726,2020-10-17T17:24:09.8094456,2020-10-17T17:24:09.8094456
"Ellipse",725,68.749537023127,121.72713699142,260.47741694662,2020-10-17T17:24:10.3068944,2020-10-17T17:24:10.3068944
"Ellipse",725,68.749537023127,102.92345585449,143.85070102312,2020-10-17T17:24:10.3068944,2020-10-17T17:24:10.3068944
"Ellipse",726,68.749537023127,122.88689809631,266.67263904442,2020-10-17T17:24:10.8103486,2020-10-17T17:24:10.8103486
"Ellipse",726,68.749537023127,102.91663508905,145.29329291398,2020-10-17T17:24:10.8103486,2020-10-17T17:24:10.8103486
"Ellipse",727,68.749537023127,122.99141470698,265.75886524823,2020-10-17T17:24:11.3178046,2020-10-17T17:24:11.3178046
"Ellipse",727,68.749537023127,102.83857521789,145.25123152709,2020-10-17T17:24:11.3178046,2020-10-17T17:24:11.3178046
"Ellipse",728,68.749537023127,123.08062709966,265.38148562897,2020-10-17T17:24:11.8242596,2020-10-17T17:24:11.8242596
"Ellipse",728,68.749537023127,102.92497158014,145.31186055324,2020-10-17T17:24:11.8242596,2020-10-17T17:24:11.8242596
"Ellipse",729,68.749537023127,123.17543859649,264.83090705487,2020-10-17T17:24:12.3137063,2020-10-17T17:24:12.3137063
"Ellipse",729,68.749537023127,102.89693065555,145.25047366427,2020-10-17T17:24:12.3137063,2020-10-17T17:24:12.3137063
"Ellipse",730,68.749537023127,122.97013811124,264.60768943636,2020-10-17T17:24:12.8111487,2020-10-17T17:24:12.8111487
"Ellipse",730,68.749537023127,102.92118226601,145.31716559303,2020-10-17T17:24:12.8111487,2020-10-17T17:24:12.8111487
"Ellipse",731,68.749537023127,123.50279955207,263.5352743561,2020-10-17T17:24:13.3206080,2020-10-17T17:24:13.3206080
"Ellipse",731,68.749537023127,102.86320575976,145.46570670709,2020-10-17T17:24:13.3206080,2020-10-17T17:24:13.3206080
"Ellipse",732,68.749537023127,122.52780888391,258.87681970885,2020-10-17T17:24:13.8080469,2020-10-17T17:24:13.8080469
"Ellipse",732,68.749537023127,102.92269799166,144.09662751042,2020-10-17T17:24:13.8080469,2020-10-17T17:24:13.8080469
"Ellipse",733,68.749537023127,122.52258305338,258.40537513998,2020-10-17T17:24:14.3165050,2020-10-17T17:24:14.3165050
"Ellipse",733,68.749537023127,102.83781735506,143.56991284578,2020-10-17T17:24:14.3165050,2020-10-17T17:24:14.3165050
"Ellipse",734,68.749537023127,122.87383351997,261.55804404629,2020-10-17T17:24:14.8199634,2020-10-17T17:24:14.8199634
"Ellipse",734,68.749537023127,102.93255020841,144.32360742706,2020-10-17T17:24:14.8199634,2020-10-17T17:24:14.8199634
"Ellipse",735,68.749537023127,123.20194102277,264.65098917507,2020-10-17T17:24:15.3073977,2020-10-17T17:24:15.3073977
"Ellipse",735,68.749537023127,102.94240242516,145.25918908678,2020-10-17T17:24:15.3073977,2020-10-17T17:24:15.3073977
"Ellipse",736,68.749537023127,123.21313923106,264.07054871221,2020-10-17T17:24:15.8078486,2020-10-17T17:24:15.8078486
"Ellipse",736,68.749537023127,103.06252368321,145.44751799924,2020-10-17T17:24:15.8078486,2020-10-17T17:24:15.8078486
"Ellipse",737,68.749537023127,123.08435983576,263.62971257932,2020-10-17T17:24:16.3062977,2020-10-17T17:24:16.3062977
"Ellipse",737,68.749537023127,102.82834406972,145.05683971201,2020-10-17T17:24:16.3062977,2020-10-17T17:24:16.3062977
"Ellipse",738,68.749537023127,123.22956326988,264.12318029115,2020-10-17T17:24:16.8187591,2020-10-17T17:24:16.8187591
"Ellipse",738,68.749537023127,102.82000757863,145.43766578249,2020-10-17T17:24:16.8187591,2020-10-17T17:24:16.8187591
"Ellipse",739,68.749537023127,123.11758118701,263.50055991041,2020-10-17T17:24:17.3071995,2020-10-17T17:24:17.3071995
"Ellipse",739,68.749537023127,102.98673740053,145.14172034862,2020-10-17T17:24:17.3071995,2020-10-17T17:24:17.3071995
"Ellipse",740,68.749537023127,123.16648002986,264.17991787981,2020-10-17T17:24:17.8166585,2020-10-17T17:24:17.8166585
"Ellipse",740,68.749537023127,102.85524820008,145.27775672603,2020-10-17T17:24:17.8166585,2020-10-17T17:24:17.8166585
"Ellipse",741,68.749537023127,123.00037327361,264.12691302725,2020-10-17T17:24:18.3151133,2020-10-17T17:24:18.3151133
"Ellipse",741,68.749537023127,102.76923076923,145.19552860932,2020-10-17T17:24:18.3151133,2020-10-17T17:24:18.3151133
"Ellipse",742,68.749537023127,123.22172452408,263.39156401642,2020-10-17T17:24:18.8195656,2020-10-17T17:24:18.8195656
"Ellipse",742,68.749537023127,102.92800303145,145.30162940508,2020-10-17T17:24:18.8195656,2020-10-17T17:24:18.8195656
"Ellipse",743,68.749537023127,123.24822695036,263.7069802165,2020-10-17T17:24:19.3070012,2020-10-17T17:24:19.3070012
"Ellipse",743,68.749537023127,103.0507768094,145.13603637742,2020-10-17T17:24:19.3070012,2020-10-17T17:24:19.3070012
"Ellipse",744,68.749537023127,122.92646509892,263.65509518477,2020-10-17T17:24:19.8074521,2020-10-17T17:24:19.8074521
"Ellipse",744,68.749537023127,102.94998105343,145.27927245169,2020-10-17T17:24:19.8074521,2020-10-17T17:24:19.8074521
"Ellipse",745,68.749537023127,122.88353863382,263.17917133259,2020-10-17T17:24:20.3069021,2020-10-17T17:24:20.3069021
"Ellipse",745,68.749537023127,102.86964759379,144.61803713528,2020-10-17T17:24:20.3069021,2020-10-17T17:24:20.3069021
"Ellipse",746,68.749537023127,123.11235535648,263.18775662561,2020-10-17T17:24:20.8073530,2020-10-17T17:24:20.8073530
"Ellipse",746,68.749537023127,103.04206138689,145.55892383479,2020-10-17T17:24:20.8073530,2020-10-17T17:24:20.8073530
"Ellipse",747,68.749537023127,122.68234415827,263.12840612169,2020-10-17T17:24:21.3218165,2020-10-17T17:24:21.3218165
"Ellipse",747,68.749537023127,102.88745737022,144.82341796135,2020-10-17T17:24:21.3218165,2020-10-17T17:24:21.3218165
"Ellipse",748,68.749537023127,122.77192982456,262.30645763345,2020-10-17T17:24:21.8182638,2020-10-17T17:24:21.8182638
"Ellipse",748,68.749537023127,102.99886320576,144.85676392573,2020-10-17T17:24:21.8182638,2020-10-17T17:24:21.8182638
"Ellipse",749,68.749537023127,122.62150055991,262.72527062337,2020-10-17T17:24:22.3177138,2020-10-17T17:24:22.3177138
"Ellipse",749,68.749537023127,102.78287230011,144.69571807503,2020-10-17T17:24:22.3177138,2020-10-17T17:24:22.3177138
"Ellipse",750,68.749537023127,122.96789846958,263.1093691676,2020-10-17T17:24:22.8221689,2020-10-17T17:24:22.8221689
"Ellipse",750,68.749537023127,103.05342932929,145.00265251989,2020-10-17T17:24:22.8221689,2020-10-17T17:24:22.8221689
"Ellipse",751,68.749537023127,123.05823068309,261.88204553938,2020-10-17T17:24:23.3086065,2020-10-17T17:24:23.3086065
"Ellipse",751,68.749537023127,103.0083364911,144.66578249337,2020-10-17T17:24:23.3086065,2020-10-17T17:24:23.3086065
"Ellipse",752,68.749537023127,122.9492347891,262.72041806644,2020-10-17T17:24:23.8070556,2020-10-17T17:24:23.8070556
"Ellipse",752,68.749537023127,102.77870405457,144.9746115953,2020-10-17T17:24:23.8070556,2020-10-17T17:24:23.8070556
"Ellipse",753,68.749537023127,122.95072788354,262.38148562897,2020-10-17T17:24:24.3085074,2020-10-17T17:24:24.3085074
"Ellipse",753,68.749537023127,103.03410382721,144.92989768852,2020-10-17T17:24:24.3085074,2020-10-17T17:24:24.3085074
"Ellipse",754,68.749537023127,122.78872713699,263.48413587159,2020-10-17T17:24:24.8069565,2020-10-17T17:24:24.8069565
"Ellipse",754,68.749537023127,103.05267146647,144.90564607806,2020-10-17T17:24:24.8069565,2020-10-17T17:24:24.8069565
"Ellipse",755,68.749537023127,122.95968645017,262.76334453154,2020-10-17T17:24:25.3104101,2020-10-17T17:24:25.3104101
"Ellipse",755,68.749537023127,102.96968548693,145.01477832512,2020-10-17T17:24:25.3104101,2020-10-17T17:24:25.3104101
"Ellipse",756,68.749537023127,122.79395296753,261.91862635312,2020-10-17T17:24:25.8208700,2020-10-17T17:24:25.8208700
"Ellipse",756,68.749537023127,102.84236453202,144.57597574839,2020-10-17T17:24:25.8208700,2020-10-17T17:24:25.8208700
"Ellipse",757,68.749537023127,122.84210526316,262.1638671146,2020-10-17T17:24:26.3213209,2020-10-17T17:24:26.3213209
"Ellipse",757,68.749537023127,102.97195907541,145.07199696855,2020-10-17T17:24:26.3213209,2020-10-17T17:24:26.3213209
"Ellipse",758,68.749537023127,122.43896976484,261.96677864875,2020-10-17T17:24:26.8197699,2020-10-17T17:24:26.8197699
"Ellipse",758,68.749537023127,102.99393709739,145.18832891247,2020-10-17T17:24:26.8197699,2020-10-17T17:24:26.8197699
"Ellipse",759,68.749537023127,122.57148189623,261.82530795073,2020-10-17T17:24:27.3152186,2020-10-17T17:24:27.3152186
"Ellipse",759,68.749537023127,102.81394467601,144.79613489958,2020-10-17T17:24:27.3152186,2020-10-17T17:24:27.3152186
"Ellipse",760,68.749537023127,122.65061590146,261.6562150056,2020-10-17T17:24:27.8196708,2020-10-17T17:24:27.8196708
"Ellipse",760,68.749537023127,103.05608184919,145.27207275483,2020-10-17T17:24:27.8196708,2020-10-17T17:24:27.8196708
"Ellipse",761,68.749537023127,122.74804031355,261.73684210526,2020-10-17T17:24:28.3171206,2020-10-17T17:24:28.3171206
"Ellipse",761,68.749537023127,102.88859416446,144.25881015536,2020-10-17T17:24:28.3171206,2020-10-17T17:24:28.3171206
"Ellipse",762,68.749537023127,122.67749160134,261.00522583053,2020-10-17T17:24:28.8095675,2020-10-17T17:24:28.8095675
"Ellipse",762,68.749537023127,102.84804850322,144.79158772262,2020-10-17T17:24:28.8095675,2020-10-17T17:24:28.8095675
"Ellipse",763,68.749537023127,122.96341918626,261.03956700261,2020-10-17T17:24:29.3120154,2020-10-17T17:24:29.3120154
"Ellipse",763,68.749537023127,102.97309586965,144.86661614248,2020-10-17T17:24:29.3120154,2020-10-17T17:24:29.3120154
"Ellipse",764,68.749537023127,122.7304964539,261.83463979097,2020-10-17T17:24:29.8064608,2020-10-17T17:24:29.8064608
"Ellipse",764,68.749537023127,102.91928760894,144.70594922319,2020-10-17T17:24:29.8064608,2020-10-17T17:24:29.8064608
"Ellipse",765,68.749537023127,122.69428891377,261.53564762971,2020-10-17T17:24:30.3079162,2020-10-17T17:24:30.3079162
"Ellipse",765,68.749537023127,102.87836301629,144.43690791967,2020-10-17T17:24:30.3079162,2020-10-17T17:24:30.3079162
"Ellipse",766,68.749537023127,122.42665173572,261.3475177305,2020-10-17T17:24:30.8163707,2020-10-17T17:24:30.8163707
"Ellipse",766,68.749537023127,102.93292913983,144.8586585828,2020-10-17T17:24:30.8163707,2020-10-17T17:24:30.8163707
"Ellipse",767,68.749537023127,122.63232549459,261.01306457633,2020-10-17T17:24:31.3108178,2020-10-17T17:24:31.3108178
"Ellipse",767,68.749537023127,102.93671845396,144.83819628647,2020-10-17T17:24:31.3108178,2020-10-17T17:24:31.3108178
"Ellipse",768,68.749537023127,122.45016797312,259.92721164614,2020-10-17T17:24:31.8072635,2020-10-17T17:24:31.8072635
"Ellipse",768,68.749537023127,102.69041303524,145.00075786283,2020-10-17T17:24:31.8072635,2020-10-17T17:24:31.8072635
"Ellipse",769,68.749537023127,122.77454273983,261.14594998134,2020-10-17T17:24:32.3227289,2020-10-17T17:24:32.3227289
"Ellipse",769,68.749537023127,102.78590375142,144.62031072376,2020-10-17T17:24:32.3227289,2020-10-17T17:24:32.3227289
"Ellipse",770,68.749537023127,122.39678984696,261.20380739082,2020-10-17T17:24:32.8171734,2020-10-17T17:24:32.8171734
"Ellipse",770,68.749537023127,102.80257673361,144.60287987874,2020-10-17T17:24:32.8171734,2020-10-17T17:24:32.8171734
"Ellipse",771,68.749537023127,122.51474430758,260.28443449048,2020-10-17T17:24:33.3186255,2020-10-17T17:24:33.3186255
"Ellipse",771,68.749537023127,102.76657824934,144.70481242895,2020-10-17T17:24:33.3186255,2020-10-17T17:24:33.3186255
"Ellipse",772,68.749537023127,122.81448301605,260.85330347145,2020-10-17T17:24:33.8060643,2020-10-17T17:24:33.8060643
"Ellipse",772,68.749537023127,102.87987874195,144.61879499811,2020-10-17T17:24:33.8060643,2020-10-17T17:24:33.8060643
"Ellipse",773,68.749537023127,122.71257932064,260.0623366928,2020-10-17T17:24:34.3155233,2020-10-17T17:24:34.3155233
"Ellipse",773,68.749537023127,102.96286472149,144.76733611216,2020-10-17T17:24:34.3155233,2020-10-17T17:24:34.3155233
"Ellipse",774,68.749537023127,122.32997387085,260.10302351624,2020-10-17T17:24:34.8089679,2020-10-17T17:24:34.8089679
"Ellipse",774,68.749537023127,102.92269799166,144.71049640015,2020-10-17T17:24:34.8089679,2020-10-17T17:24:34.8089679
"Ellipse",775,68.749537023127,122.50690556178,260.1717058604,2020-10-17T17:24:35.3064164,2020-10-17T17:24:35.3064164
"Ellipse",775,68.749537023127,102.82720727548,144.56839712012,2020-10-17T17:24:35.3064164,2020-10-17T17:24:35.3064164
"Ellipse",776,68.749537023127,122.58417319896,261.47853676745,2020-10-17T17:24:35.8078679,2020-10-17T17:24:35.8078679
"Ellipse",776,68.749537023127,102.95869647594,145.33535430087,2020-10-17T17:24:35.8078679,2020-10-17T17:24:35.8078679
"Ellipse",777,68.749537023127,122.51661067563,260.16088092572,2020-10-17T17:24:36.3133278,2020-10-17T17:24:36.3133278
"Ellipse",777,68.749537023127,102.96665403562,144.51913603638,2020-10-17T17:24:36.3133278,2020-10-17T17:24:36.3133278
"Ellipse",778,68.749537023127,122.51810377006,260.9451287794,2020-10-17T17:24:36.8197796,2020-10-17T17:24:36.8197796
"Ellipse",778,68.749537023127,102.80901856764,144.88594164456,2020-10-17T17:24:36.8197796,2020-10-17T17:24:36.8197796
"Ellipse",779,68.749537023127,122.51810377006,260.54087346025,2020-10-17T17:24:37.3072187,2020-10-17T17:24:37.3072187
"Ellipse",779,68.749537023127,102.81697612732,145.0704812429,2020-10-17T17:24:37.3072187,2020-10-17T17:24:37.3072187
"Ellipse",780,68.749537023127,122.2303098171,260.40089585666,2020-10-17T17:24:37.8166777,2020-10-17T17:24:37.8166777
"Ellipse",780,68.749537023127,102.91625615764,145.03486169003,2020-10-17T17:24:37.8166777,2020-10-17T17:24:37.8166777
"Ellipse",781,68.749537023127,122.30571108623,260.72153788727,2020-10-17T17:24:38.3091221,2020-10-17T17:24:38.3091221
"Ellipse",781,68.749537023127,102.98711633194,144.91739295188,2020-10-17T17:24:38.3091221,2020-10-17T17:24:38.3091221
"Ellipse",782,68.749537023127,122.09219858156,260.38372527062,2020-10-17T17:24:38.8105732,2020-10-17T17:24:38.8105732
"Ellipse",782,68.749537023127,103.00795755968,144.97271693823,2020-10-17T17:24:38.8105732,2020-10-17T17:24:38.8105732
"Ellipse",783,68.749537023127,122.15976110489,259.8592758492,2020-10-17T17:24:39.3070205,2020-10-17T17:24:39.3070205
"Ellipse",783,68.749537023127,102.87457370216,144.96362258431,2020-10-17T17:24:39.3070205,2020-10-17T17:24:39.3070205
"Ellipse",784,68.749537023127,122.08697275103,259.40537513998,2020-10-17T17:24:39.8124759,2020-10-17T17:24:39.8124759
"Ellipse",784,68.749537023127,103.02159909057,145.11671087533,2020-10-17T17:24:39.8124759,2020-10-17T17:24:39.8124759
"Ellipse",785,68.749537023127,121.69055617768,259.83837252706,2020-10-17T17:24:40.3179316,2020-10-17T17:24:40.3179316
"Ellipse",785,68.749537023127,102.9181508147,144.824933687,2020-10-17T17:24:40.3179316,2020-10-17T17:24:40.3179316
"Ellipse",786,68.749537023127,122.02538260545,260.27286300859,2020-10-17T17:24:40.8103749,2020-10-17T17:24:40.8103749
"Ellipse",786,68.749537023127,102.93709738537,144.71276998863,2020-10-17T17:24:40.8103749,2020-10-17T17:24:40.8103749
"Ellipse",787,68.749537023127,122.07764091079,261.04367301232,2020-10-17T17:24:41.3068222,2020-10-17T17:24:41.3068222
"Ellipse",787,68.749537023127,103.0450928382,145.37931034483,2020-10-17T17:24:41.3068222,2020-10-17T17:24:41.3068222
"Ellipse",788,68.749537023127,121.7499066816,259.70474057484,2020-10-17T17:24:41.8072731,2020-10-17T17:24:41.8072731
"Ellipse",788,68.749537023127,102.89996210686,145.33156498674,2020-10-17T17:24:41.8072731,2020-10-17T17:24:41.8072731
"Ellipse",789,68.749537023127,121.68159761105,256.7420679358,2020-10-17T17:24:42.3187378,2020-10-17T17:24:42.3187378
"Ellipse",789,68.749537023127,102.92421371732,144.50473664267,2020-10-17T17:24:42.3187378,2020-10-17T17:24:42.3187378
"Ellipse",790,68.749537023127,121.96677864875,257.71668533035,2020-10-17T17:24:42.8081771,2020-10-17T17:24:42.8081771
"Ellipse",790,68.749537023127,102.81167108753,144.88177339902,2020-10-17T17:24:42.8081771,2020-10-17T17:24:42.8081771
"Ellipse",791,68.749537023127,121.72191116088,257.1444568869,2020-10-17T17:24:43.3136338,2020-10-17T17:24:43.3136338
"Ellipse",791,68.749537023127,102.88177339902,144.82303902994,2020-10-17T17:24:43.3136338,2020-10-17T17:24:43.3136338
"Ellipse",792,68.749537023127,122.06382978723,257.23777528929,2020-10-17T17:24:43.8090808,2020-10-17T17:24:43.8090808
"Ellipse",792,68.749537023127,102.86396362258,144.6525198939,2020-10-17T17:24:43.8090808,2020-10-17T17:24:43.8090808
"Ellipse",793,68.749537023127,121.62784621127,256.73161627473,2020-10-17T17:24:44.3075270,2020-10-17T17:24:44.3075270
"Ellipse",793,68.749537023127,103,144.40924592649,2020-10-17T17:24:44.3075270,2020-10-17T17:24:44.3075270
"Ellipse",794,68.749537023127,121.75961179545,256.37849944009,2020-10-17T17:24:44.8079811,2020-10-17T17:24:44.8079811
"Ellipse",794,68.749537023127,102.87305797651,143.84577491474,2020-10-17T17:24:44.8079811,2020-10-17T17:24:44.8079811
"Ellipse",795,68.749537023127,121.55767077268,256.95408734603,2020-10-17T17:24:45.3074257,2020-10-17T17:24:45.3074257
"Ellipse",795,68.749537023127,102.95566502463,144.67677150436,2020-10-17T17:24:45.3074257,2020-10-17T17:24:45.3074257
"Ellipse",796,68.749537023127,121.13512504666,256.07838745801,2020-10-17T17:24:45.8108837,2020-10-17T17:24:45.8108837
"Ellipse",796,68.749537023127,102.89389920424,144.8840469875,2020-10-17T17:24:45.8108837,2020-10-17T17:24:45.8108837
"Ellipse",797,68.749537023127,121.37700634565,256.38857782755,2020-10-17T17:24:46.3073275,2020-10-17T17:24:46.3073275
"Ellipse",797,68.749537023127,102.90071996969,144.18946570671,2020-10-17T17:24:46.3073275,2020-10-17T17:24:46.3073275
"Ellipse",798,68.749537023127,121.28219484882,256.01903695409,2020-10-17T17:24:46.8157856,2020-10-17T17:24:46.8157856
"Ellipse",798,68.749537023127,102.7260325881,144.52709359606,2020-10-17T17:24:46.8157856,2020-10-17T17:24:46.8157856
"Ellipse",799,68.749537023127,122.90052356021,261.40725504862,2020-10-17T17:24:47.3092302,2020-10-17T17:24:47.3092302
"Ellipse",799,68.749537023127,102.80674497916,144.51307313376,2020-10-17T17:24:47.3092302,2020-10-17T17:24:47.3092302
"Ellipse",800,68.749537023127,122.95661929693,261.7449513837,2020-10-17T17:24:47.8176895,2020-10-17T17:24:47.8176895
"Ellipse",800,68.749537023127,102.86661614248,144.48465327776,2020-10-17T17:24:47.8176895,2020-10-17T17:24:47.8176895
"Ellipse",801,68.749537023127,122.71278982797,260.45287958115,2020-10-17T17:24:48.3121363,2020-10-17T17:24:48.3121363
"Ellipse",801,68.749537023127,102.82910193255,144.37665782493,2020-10-17T17:24:48.3121363,2020-10-17T17:24:48.3121363
"Ellipse",802,68.749537023127,122.67314884069,260.65856394914,2020-10-17T17:24:48.8095838,2020-10-17T17:24:48.8095838
"Ellipse",802,68.749537023127,102.8446381205,144.82228116711,2020-10-17T17:24:48.8095838,2020-10-17T17:24:48.8095838
"Ellipse",803,68.749537023127,122.42670157068,259.90987284966,2020-10-17T17:24:49.3060292,2020-10-17T17:24:49.3060292
"Ellipse",803,68.749537023127,102.68018188708,144.54641909814,2020-10-17T17:24:49.3060292,2020-10-17T17:24:49.3060292
"Ellipse",804,68.749537023127,122.69708302169,260.51047120419,2020-10-17T17:24:49.8084829,2020-10-17T17:24:49.8084829
"Ellipse",804,68.749537023127,102.74156877605,144.90526714665,2020-10-17T17:24:49.8084829,2020-10-17T17:24:49.8084829
"Ellipse",805,68.749537023127,123.17427075542,262.68511593119,2020-10-17T17:24:50.3139373,2020-10-17T17:24:50.3139373
"Ellipse",805,68.749537023127,102.96134899583,144.45433876468,2020-10-17T17:24:50.3139373,2020-10-17T17:24:50.3139373
"Ellipse",806,68.749537023127,122.88967838444,262.77823485415,2020-10-17T17:24:50.8083847,2020-10-17T17:24:50.8083847
"Ellipse",806,68.749537023127,102.82985979538,144.56877605154,2020-10-17T17:24:50.8083847,2020-10-17T17:24:50.8083847
"Ellipse",807,68.749537023127,123.26851159312,261.65332834705,2020-10-17T17:24:51.3078350,2020-10-17T17:24:51.3078350
"Ellipse",807,68.749537023127,102.83971201213,144.43273967412,2020-10-17T17:24:51.3078350,2020-10-17T17:24:51.3078350
"Ellipse",808,68.749537023127,122.66305160808,262.31750186986,2020-10-17T17:24:51.8082856,2020-10-17T17:24:51.8082856
"Ellipse",808,68.749537023127,103.09056460781,144.33952254642,2020-10-17T17:24:51.8082856,2020-10-17T17:24:51.8082856
"Ellipse",809,68.749537023127,123.06432311144,262.48765893792,2020-10-17T17:24:52.3157405,2020-10-17T17:24:52.3157405
"Ellipse",809,68.749537023127,102.84539598333,144.80295566503,2020-10-17T17:24:52.3157405,2020-10-17T17:24:52.3157405
"Ellipse",810,68.749537023127,122.83657442034,262.31974569933,2020-10-17T17:24:52.8091938,2020-10-17T17:24:52.8091938
"Ellipse",810,68.749537023127,102.88935202728,144.50208412277,2020-10-17T17:24:52.8091938,2020-10-17T17:24:52.8091938
"Ellipse",811,68.749537023127,122.86462228871,262.0890052356,2020-10-17T17:24:53.3076345,2020-10-17T17:24:53.3076345
"Ellipse",811,68.749537023127,102.94467601364,144.38044713907,2020-10-17T17:24:53.3076345,2020-10-17T17:24:53.3076345
"Ellipse",812,68.749537023127,122.73560209424,261.62303664922,2020-10-17T17:24:53.8130899,2020-10-17T17:24:53.8130899
"Ellipse",812,68.749537023127,102.68321333839,144.12277377795,2020-10-17T17:24:53.8130899,2020-10-17T17:24:53.8130899
"Ellipse",813,68.749537023127,122.93006731488,262.42520568437,2020-10-17T17:24:54.3225489,2020-10-17T17:24:54.3225489
"Ellipse",813,68.749537023127,102.92913982569,144.52633573323,2020-10-17T17:24:54.3225489,2020-10-17T17:24:54.3225489
"Ellipse",814,68.749537023127,122.86387434555,262.06731488407,2020-10-17T17:24:54.8099881,2020-10-17T17:24:54.8099881
"Ellipse",814,68.749537023127,102.97120121258,144.91133004926,2020-10-17T17:24:54.8099881,2020-10-17T17:24:54.8099881
"Ellipse",815,68.749537023127,123.0497382199,262.48952879581,2020-10-17T17:24:55.3074362,2020-10-17T17:24:55.3074362
"Ellipse",815,68.749537023127,103.00757862827,144.83743842365,2020-10-17T17:24:55.3074362,2020-10-17T17:24:55.3074362
"Ellipse",816,68.749537023127,123.13238593867,262.47120418848,2020-10-17T17:24:55.8078871,2020-10-17T17:24:55.8078871
"Ellipse",816,68.749537023127,102.88897309587,144.45320197044,2020-10-17T17:24:55.8078871,2020-10-17T17:24:55.8078871
"Ellipse",817,68.749537023127,123.04562453254,262.07928197457,2020-10-17T17:24:56.3073374,2020-10-17T17:24:56.3073374
"Ellipse",817,68.749537023127,102.87533156499,144.4209928003,2020-10-17T17:24:56.3073374,2020-10-17T17:24:56.3073374
"Ellipse",818,68.749537023127,122.8287210172,262.67352281227,2020-10-17T17:24:56.8218064,2020-10-17T17:24:56.8218064
"Ellipse",818,68.749537023127,102.84577491474,144.7768093975,2020-10-17T17:24:56.8218064,2020-10-17T17:24:56.8218064
"Ellipse",819,68.749537023127,122.98878085266,262.349289454,2020-10-17T17:24:57.3082415,2020-10-17T17:24:57.3082415
"Ellipse",819,68.749537023127,102.83857521789,144.79272451686,2020-10-17T17:24:57.3082415,2020-10-17T17:24:57.3082415
"Ellipse",820,68.749537023127,122.87696335079,261.8698578908,2020-10-17T17:24:57.8157015,2020-10-17T17:24:57.8157015
"Ellipse",820,68.749537023127,102.78476695718,144.4547176961,2020-10-17T17:24:57.8157015,2020-10-17T17:24:57.8157015
"Ellipse",821,68.749537023127,122.85901271503,262.51982049364,2020-10-17T17:24:58.3151474,2020-10-17T17:24:58.3151474
"Ellipse",821,68.749537023127,102.85941644562,144.73209549072,2020-10-17T17:24:58.3151474,2020-10-17T17:24:58.3151474
"Ellipse",822,68.749537023127,122.8545250561,263.18175018699,2020-10-17T17:24:58.8226033,2020-10-17T17:24:58.8226033
"Ellipse",822,68.749537023127,102.98825312618,144.40924592649,2020-10-17T17:24:58.8226033,2020-10-17T17:24:58.8226033
"Ellipse",823,68.749537023127,122.69109947644,262.11032161556,2020-10-17T17:24:59.3080406,2020-10-17T17:24:59.3080406
"Ellipse",823,68.749537023127,103.03713527852,144.6100795756,2020-10-17T17:24:59.3080406,2020-10-17T17:24:59.3080406
"Ellipse",824,68.749537023127,122.81226626776,263.04525056096,2020-10-17T17:24:59.8074906,2020-10-17T17:24:59.8074906
"Ellipse",824,68.749537023127,102.97953770368,144.75217885563,2020-10-17T17:24:59.8074906,2020-10-17T17:24:59.8074906
"Ellipse",825,68.749537023127,122.95175766642,261.40314136126,2020-10-17T17:25:00.3079415,2020-10-17T17:25:00.3079415
"Ellipse",825,68.749537023127,102.99772641152,144.38044713907,2020-10-17T17:25:00.3079415,2020-10-17T17:25:00.3079415
"Ellipse",826,68.749537023127,122.7071802543,262.55011219147,2020-10-17T17:25:00.8224050,2020-10-17T17:25:00.8224050
"Ellipse",826,68.749537023127,103.07957559682,144.38954149299,2020-10-17T17:25:00.8224050,2020-10-17T17:25:00.8224050
"Ellipse",827,68.749537023127,122.73821989529,262.02879581152,2020-10-17T17:25:01.3088433,2020-10-17T17:25:01.3088433
"Ellipse",827,68.749537023127,102.86851079955,144.90450928382,2020-10-17T17:25:01.3088433,2020-10-17T17:25:01.3088433
"Ellipse",828,68.749537023127,122.99289454002,262.07479431563,2020-10-17T17:25:01.8112960,2020-10-17T17:25:01.8112960
"Ellipse",828,68.749537023127,102.87305797651,144.7908298598,2020-10-17T17:25:01.8112960,2020-10-17T17:25:01.8112960
"Ellipse",829,68.749537023127,122.61555721765,261.67950635752,2020-10-17T17:25:02.3167514,2020-10-17T17:25:02.3167514
"Ellipse",829,68.749537023127,102.85183781736,144.58431223949,2020-10-17T17:25:02.3167514,2020-10-17T17:25:02.3167514
"Ellipse",830,68.749537023127,122.90725504862,262.04038893044,2020-10-17T17:25:02.8071932,2020-10-17T17:25:02.8071932
"Ellipse",830,68.749537023127,102.8757104964,145.07957559682,2020-10-17T17:25:02.8071932,2020-10-17T17:25:02.8071932
"Ellipse",831,68.749537023127,122.7038145101,261.77599102468,2020-10-17T17:25:03.3106468,2020-10-17T17:25:03.3106468
"Ellipse",831,68.749537023127,102.82948086396,144.44713906783,2020-10-17T17:25:03.3106468,2020-10-17T17:25:03.3106468
"Ellipse",832,68.749537023127,123.04674644727,261.72400897532,2020-10-17T17:25:03.8221076,2020-10-17T17:25:03.8221076
"Ellipse",832,68.749537023127,102.85373247442,144.3842364532,2020-10-17T17:25:03.8221076,2020-10-17T17:25:03.8221076
"Ellipse",833,68.749537023127,122.78384442782,262.30029917726,2020-10-17T17:25:04.3085459,2020-10-17T17:25:04.3085459
"Ellipse",833,68.749537023127,102.87192118227,144.43993937097,2020-10-17T17:25:04.3085459,2020-10-17T17:25:04.3085459
"Ellipse",834,68.749537023127,122.87060583396,262.56282722513,2020-10-17T17:25:04.8150025,2020-10-17T17:25:04.8150025
"Ellipse",834,68.749537023127,102.78514588859,144.64039408867,2020-10-17T17:25:04.8150025,2020-10-17T17:25:04.8150025
"Ellipse",835,68.749537023127,122.57068062827,261.56544502618,2020-10-17T17:25:05.3174549,2020-10-17T17:25:05.3174549
"Ellipse",835,68.749537023127,102.77188328913,144.70178097764,2020-10-17T17:25:05.3174549,2020-10-17T17:25:05.3174549
"Ellipse",836,68.749537023127,122.49326851159,261.92146596859,2020-10-17T17:25:05.8078971,2020-10-17T17:25:05.8078971
"Ellipse",836,68.749537023127,102.9549071618,144.46381205002,2020-10-17T17:25:05.8078971,2020-10-17T17:25:05.8078971
"Ellipse",837,68.749537023127,122.4880329095,261.23261032162,2020-10-17T17:25:06.3083476,2020-10-17T17:25:06.3083476
"Ellipse",837,68.749537023127,102.89617279273,144.35240621448,2020-10-17T17:25:06.3083476,2020-10-17T17:25:06.3083476
"Ellipse",838,68.749537023127,122.56619296933,261.93305908751,2020-10-17T17:25:06.8228111,2020-10-17T17:25:06.8228111
"Ellipse",838,68.749537023127,102.82076544146,144.59984842744,2020-10-17T17:25:06.8228111,2020-10-17T17:25:06.8228111
"Ellipse",839,68.749537023127,122.7124158564,262.14285714286,2020-10-17T17:25:07.3082533,2020-10-17T17:25:07.3082533
"Ellipse",839,68.749537023127,102.88556271315,144.52482000758,2020-10-17T17:25:07.3082533,2020-10-17T17:25:07.3082533
"Ellipse",840,68.749537023127,122.57554225879,261.68249813014,2020-10-17T17:25:07.8187081,2020-10-17T17:25:07.8187081
"Ellipse",840,68.749537023127,102.75483137552,144.75369458128,2020-10-17T17:25:07.8187081,2020-10-17T17:25:07.8187081
"Ellipse",841,68.749537023127,122.74008975318,261.36948391922,2020-10-17T17:25:08.3111537,2020-10-17T17:25:08.3111537
"Ellipse",841,68.749537023127,102.89882531262,144.5763546798,2020-10-17T17:25:08.3111537,2020-10-17T17:25:08.3111537
"Ellipse",842,68.749537023127,122.64323111444,261.25130890052,2020-10-17T17:25:08.8206124,2020-10-17T17:25:08.8206124
"Ellipse",842,68.749537023127,102.9208033346,144.47707464949,2020-10-17T17:25:08.8206124,2020-10-17T17:25:08.8206124
"Ellipse",843,68.749537023127,122.84629768138,261.95998504114,2020-10-17T17:25:09.3150556,2020-10-17T17:25:09.3150556
"Ellipse",843,68.749537023127,102.76582038651,144.29329291398,2020-10-17T17:25:09.3150556,2020-10-17T17:25:09.3150556
"Ellipse",844,68.749537023127,122.70905011219,261.99289454002,2020-10-17T17:25:09.8085027,2020-10-17T17:25:09.8085027
"Ellipse",844,68.749537023127,102.79992421372,144.30087154225,2020-10-17T17:25:09.8085027,2020-10-17T17:25:09.8085027
"Ellipse",845,68.749537023127,122.71503365744,261.98092744951,2020-10-17T17:25:10.3069550,2020-10-17T17:25:10.3069550
"Ellipse",845,68.749537023127,102.91625615764,144.79007199697,2020-10-17T17:25:10.3069550,2020-10-17T17:25:10.3069550
"Ellipse",846,68.749537023127,122.78496634256,261.57068062827,2020-10-17T17:25:10.8074011,2020-10-17T17:25:10.8074011
"Ellipse",846,68.749537023127,102.85790071997,144.33990147783,2020-10-17T17:25:10.8074011,2020-10-17T17:25:10.8074011
"Ellipse",847,68.749537023127,122.8133881825,262.30665669409,2020-10-17T17:25:11.3158621,2020-10-17T17:25:11.3158621
"Ellipse",847,68.749537023127,102.74649488443,144.47517999242,2020-10-17T17:25:11.3158621,2020-10-17T17:25:11.3158621
"Ellipse",848,68.749537023127,122.97307404637,261.94764397906,2020-10-17T17:25:11.8083064,2020-10-17T17:25:11.8083064
"Ellipse",848,68.749537023127,102.58734369079,144.60932171277,2020-10-17T17:25:11.8083064,2020-10-17T17:25:11.8083064
"Ellipse",849,68.749537023127,122.37060583396,262.17314884069,2020-10-17T17:25:12.3177619,2020-10-17T17:25:12.3177619
"Ellipse",849,68.749537023127,102.85145888594,144.08601743085,2020-10-17T17:25:12.3177619,2020-10-17T17:25:12.3177619
"Ellipse",850,68.749537023127,122.7961854899,262.69895287958,2020-10-17T17:25:12.8062036,2020-10-17T17:25:12.8062036
"Ellipse",850,68.749537023127,102.80674497916,144.17809776431,2020-10-17T17:25:12.8062036,2020-10-17T17:25:12.8062036
"Ellipse",851,68.749537023127,122.44652206432,262.23597606582,2020-10-17T17:25:13.3126583,2020-10-17T17:25:13.3126583
"Ellipse",851,68.749537023127,102.86472148541,144.29177718833,2020-10-17T17:25:13.3126583,2020-10-17T17:25:13.3126583
"Ellipse",852,68.749537023127,122.65145848916,261.94801795064,2020-10-17T17:25:13.8071028,2020-10-17T17:25:13.8071028
"Ellipse",852,68.749537023127,102.70291777188,144.46722243274,2020-10-17T17:25:13.8071028,2020-10-17T17:25:13.8071028
"Ellipse",853,68.749537023127,122.48130142109,261.97120418848,2020-10-17T17:25:14.3075546,2020-10-17T17:25:14.3075546
"Ellipse",853,68.749537023127,102.91133004926,144.45244410762,2020-10-17T17:25:14.3075546,2020-10-17T17:25:14.3075546
"Ellipse",854,68.749537023127,122.45961106956,262.1473448018,2020-10-17T17:25:14.8190157,2020-10-17T17:25:14.8190157
"Ellipse",854,68.749537023127,102.92421371732,144.15915119363,2020-10-17T17:25:14.8190157,2020-10-17T17:25:14.8190157
"Ellipse",855,68.749537023127,122.2569184742,263.81376215408,2020-10-17T17:25:15.3074555,2020-10-17T17:25:15.3074555
"Ellipse",855,68.749537023127,102.83554376658,144.30049261084,2020-10-17T17:25:15.3074555,2020-10-17T17:25:15.3074555
"Ellipse",856,68.749537023127,121.72700074794,266.40949887809,2020-10-17T17:25:15.8109081,2020-10-17T17:25:15.8109081
"Ellipse",856,68.749537023127,102.87040545661,144.92610837438,2020-10-17T17:25:15.8109081,2020-10-17T17:25:15.8109081
"Ellipse",857,68.749537023127,121.53365744203,266.36537023186,2020-10-17T17:25:16.3073564,2020-10-17T17:25:16.3073564
"Ellipse",857,68.749537023127,102.95035998484,144.43387646836,2020-10-17T17:25:16.3073564,2020-10-17T17:25:16.3073564
"Ellipse",858,68.749537023127,121.50747943156,265.64996260284,2020-10-17T17:25:16.8108135,2020-10-17T17:25:16.8108135
"Ellipse",858,68.749537023127,102.75255778704,144.53846153846,2020-10-17T17:25:16.8108135,2020-10-17T17:25:16.8108135
"Ellipse",859,68.749537023127,121.70119670905,264.73896783844,2020-10-17T17:25:17.3072566,2020-10-17T17:25:17.3072566
"Ellipse",859,68.749537023127,102.8135657446,144.39105721864,2020-10-17T17:25:17.3072566,2020-10-17T17:25:17.3072566
"Ellipse",860,68.749537023127,121.72475691847,265.54824233358,2020-10-17T17:25:17.8227216,2020-10-17T17:25:17.8227216
"Ellipse",860,68.749537023127,102.91852974612,144.76960970064,2020-10-17T17:25:17.8227216,2020-10-17T17:25:17.8227216
"Ellipse",861,68.749537023127,121.23934181002,266.73036649215,2020-10-17T17:25:18.3071581,2020-10-17T17:25:18.3071581
"Ellipse",861,68.749537023127,102.80712391057,144.44827586207,2020-10-17T17:25:18.3071581,2020-10-17T17:25:18.3071581
"Ellipse",862,68.749537023127,121.76514584892,264.97232610322,2020-10-17T17:25:18.8106117,2020-10-17T17:25:18.8106117
"Ellipse",862,68.749537023127,102.65744600227,144.38234179614,2020-10-17T17:25:18.8106117,2020-10-17T17:25:18.8106117
"Ellipse",863,68.749537023127,121.50710545999,262.78870605834,2020-10-17T17:25:19.3070590,2020-10-17T17:25:19.3070590
"Ellipse",863,68.749537023127,102.7374005305,144.54982948086,2020-10-17T17:25:19.3070590,2020-10-17T17:25:19.3070590
"Ellipse",864,68.749537023127,122.17277486911,261.33208676141,2020-10-17T17:25:19.8105164,2020-10-17T17:25:19.8105164
"Ellipse",864,68.749537023127,102.75862068966,144.33270178098,2020-10-17T17:25:19.8105164,2020-10-17T17:25:19.8105164
"Ellipse",865,68.749537023127,121.94839192221,261.49551234106,2020-10-17T17:25:20.3139662,2020-10-17T17:25:20.3139662
"Ellipse",865,68.749537023127,102.78779840849,144.175066313,2020-10-17T17:25:20.3139662,2020-10-17T17:25:20.3139662
"Ellipse",866,68.749537023127,121.8870605834,260.301421092,2020-10-17T17:25:20.8084116,2020-10-17T17:25:20.8084116
"Ellipse",866,68.749537023127,102.94429708223,143.92497158014,2020-10-17T17:25:20.8084116,2020-10-17T17:25:20.8084116
"Ellipse",867,68.749537023127,121.97456993269,259.60732984293,2020-10-17T17:25:21.3078616,2020-10-17T17:25:21.3078616
"Ellipse",867,68.749537023127,102.77794619174,143.89730958697,2020-10-17T17:25:21.3078616,2020-10-17T17:25:21.3078616
"Ellipse",868,68.749537023127,122.38257292446,260.39304412865,2020-10-17T17:25:21.8083154,2020-10-17T17:25:21.8083154
"Ellipse",868,68.749537023127,102.80485032209,143.72375899962,2020-10-17T17:25:21.8083154,2020-10-17T17:25:21.8083154
"Ellipse",869,68.749537023127,122.14921465969,259.7516828721,2020-10-17T17:25:22.3087634,2020-10-17T17:25:22.3087634
"Ellipse",869,68.749537023127,102.87457370216,144.02122015915,2020-10-17T17:25:22.3087634,2020-10-17T17:25:22.3087634
"Ellipse",870,68.749537023127,122.11705310396,259.10396409873,2020-10-17T17:25:22.8082140,2020-10-17T17:25:22.8082140
"Ellipse",870,68.749537023127,102.76923076923,143.91019325502,2020-10-17T17:25:22.8082140,2020-10-17T17:25:22.8082140
"Ellipse",871,68.749537023127,122.2124158564,259.23672400898,2020-10-17T17:25:23.3166750,2020-10-17T17:25:23.3166750
"Ellipse",871,68.749537023127,102.9264873058,144.27207275483,2020-10-17T17:25:23.3166750,2020-10-17T17:25:23.3166750
"Ellipse",872,68.749537023127,122.21765145849,259.67539267016,2020-10-17T17:25:23.8091161,2020-10-17T17:25:23.8091161
"Ellipse",872,68.749537023127,102.80939749905,143.69685486927,2020-10-17T17:25:23.8091161,2020-10-17T17:25:23.8091161
"Ellipse",873,68.749537023127,122.39977561705,259.1712789828,2020-10-17T17:25:24.3075633,2020-10-17T17:25:24.3075633
"Ellipse",873,68.749537023127,102.91360363774,143.56233421751,2020-10-17T17:25:24.3075633,2020-10-17T17:25:24.3075633
"Ellipse",874,68.749537023127,122.18735976066,259.24644727001,2020-10-17T17:25:24.8080158,2020-10-17T17:25:24.8080158
"Ellipse",874,68.749537023127,102.67032967033,143.99014778325,2020-10-17T17:25:24.8080158,2020-10-17T17:25:24.8080158
"Ellipse",875,68.749537023127,122.01009723261,258.96559461481,2020-10-17T17:25:25.3104710,2020-10-17T17:25:25.3104710
"Ellipse",875,68.749537023127,102.78021978022,143.87192118227,2020-10-17T17:25:25.3104710,2020-10-17T17:25:25.3104710
"Ellipse",876,68.749537023127,122.47344801795,259.20231862379,2020-10-17T17:25:25.8149262,2020-10-17T17:25:25.8149262
"Ellipse",876,68.749537023127,102.89768851838,143.80522925351,2020-10-17T17:25:25.8149262,2020-10-17T17:25:25.8149262
"Ellipse",877,68.749537023127,122.02879581152,258.86312640239,2020-10-17T17:25:26.3093668,2020-10-17T17:25:26.3093668
"Ellipse",877,68.749537023127,102.81280788177,143.92118226601,2020-10-17T17:25:26.3093668,2020-10-17T17:25:26.3093668
"Ellipse",878,68.749537023127,122.12378459237,259.76701570681,2020-10-17T17:25:26.8108196,2020-10-17T17:25:26.8108196
"Ellipse",878,68.749537023127,102.84198560061,143.86585827965,2020-10-17T17:25:26.8108196,2020-10-17T17:25:26.8108196
"Ellipse",879,68.749537023127,122.32273747195,258.98391922214,2020-10-17T17:25:27.3082694,2020-10-17T17:25:27.3082694
"Ellipse",879,68.749537023127,102.92989768852,143.73929518757,2020-10-17T17:25:27.3082694,2020-10-17T17:25:27.3082694
"Ellipse",880,68.749537023127,121.83246073298,258.49813014211,2020-10-17T17:25:27.8177268,2020-10-17T17:25:27.8177268
"Ellipse",880,68.749537023127,102.78969306556,143.87267904509,2020-10-17T17:25:27.8177268,2020-10-17T17:25:27.8177268
"Ellipse",881,68.749537023127,122.20942408377,258.56207928198,2020-10-17T17:25:28.3121729,2020-10-17T17:25:28.3121729
"Ellipse",881,68.749537023127,103.04660856385,143.92535051156,2020-10-17T17:25:28.3121729,2020-10-17T17:25:28.3121729
"Ellipse",882,68.749537023127,122.26776364996,258.5684367988,2020-10-17T17:25:28.8086195,2020-10-17T17:25:28.8086195
"Ellipse",882,68.749537023127,102.89276241,143.88025767336,2020-10-17T17:25:28.8086195,2020-10-17T17:25:28.8086195
"Ellipse",883,68.749537023127,122.20007479432,259.79955123411,2020-10-17T17:25:29.3070686,2020-10-17T17:25:29.3070686
"Ellipse",883,68.749537023127,102.89238347859,143.7317165593,2020-10-17T17:25:29.3070686,2020-10-17T17:25:29.3070686
"Ellipse",884,68.749537023127,122.23373223635,259.02543006732,2020-10-17T17:25:29.8075195,2020-10-17T17:25:29.8075195
"Ellipse",884,68.749537023127,102.64494126563,143.95414929898,2020-10-17T17:25:29.8075195,2020-10-17T17:25:29.8075195
"Ellipse",885,68.749537023127,122.15781600598,258.45287958115,2020-10-17T17:25:30.3069695,2020-10-17T17:25:30.3069695
"Ellipse",885,68.749537023127,102.85714285714,143.50056839712,2020-10-17T17:25:30.3069695,2020-10-17T17:25:30.3069695
"Ellipse",886,68.749537023127,122.17614061331,258.89940164548,2020-10-17T17:25:30.8074204,2020-10-17T17:25:30.8074204
"Ellipse",886,68.749537023127,102.8897309587,144.06593406593,2020-10-17T17:25:30.8074204,2020-10-17T17:25:30.8074204
"Ellipse",887,68.749537023127,122.12602842184,257.86574420344,2020-10-17T17:25:31.3078712,2020-10-17T17:25:31.3078712
"Ellipse",887,68.749537023127,102.99317923456,143.91436150057,2020-10-17T17:25:31.3078712,2020-10-17T17:25:31.3078712
"Ellipse",888,68.749537023127,121.84031413613,259.31264023934,2020-10-17T17:25:31.8183308,2020-10-17T17:25:31.8183308
"Ellipse",888,68.749537023127,102.70860174309,143.9886320576,2020-10-17T17:25:31.8183308,2020-10-17T17:25:31.8183308
"Ellipse",889,68.749537023127,121.69783096485,260.1181750187,2020-10-17T17:25:32.3187820,2020-10-17T17:25:32.3187820
"Ellipse",889,68.749537023127,102.88518378174,143.62637362637,2020-10-17T17:25:32.3187820,2020-10-17T17:25:32.3187820
"Ellipse",890,68.749537023127,121.72887060583,259.26439790576,2020-10-17T17:25:32.8142284,2020-10-17T17:25:32.8142284
"Ellipse",890,68.749537023127,102.88859416446,143.71921182266,2020-10-17T17:25:32.8142284,2020-10-17T17:25:32.8142284
"Ellipse",891,68.749537023127,122.01421091997,259.09685863874,2020-10-17T17:25:33.3206847,2020-10-17T17:25:33.3206847
"Ellipse",891,68.749537023127,102.76430466086,143.89048882152,2020-10-17T17:25:33.3206847,2020-10-17T17:25:33.3206847
"Ellipse",892,68.749537023127,122.277486911,258.94502617801,2020-10-17T17:25:33.8071230,2020-10-17T17:25:33.8071230
"Ellipse",892,68.749537023127,102.91928760894,143.87912087912,2020-10-17T17:25:33.8071230,2020-10-17T17:25:33.8071230
"Ellipse",893,68.749537023127,121.8219895288,259.00822737472,2020-10-17T17:25:34.3125787,2020-10-17T17:25:34.3125787
"Ellipse",893,68.749537023127,102.75066312997,143.46684350133,2020-10-17T17:25:34.3125787,2020-10-17T17:25:34.3125787
"Ellipse",894,68.749537023127,121.89416604338,258.62752430815,2020-10-17T17:25:34.8070232,2020-10-17T17:25:34.8070232
"Ellipse",894,68.749537023127,102.79461917393,143.85107995453,2020-10-17T17:25:34.8070232,2020-10-17T17:25:34.8070232
"Ellipse",895,68.749537023127,121.69708302169,258.17576664174,2020-10-17T17:25:35.3104774,2020-10-17T17:25:35.3104774
"Ellipse",895,68.749537023127,102.74497915877,143.49109511179,2020-10-17T17:25:35.3104774,2020-10-17T17:25:35.3104774
"Ellipse",896,68.749537023127,121.63500373972,258.48204936425,2020-10-17T17:25:35.8069295,2020-10-17T17:25:35.8069295
"Ellipse",896,68.749537023127,102.80295566503,143.75483137552,2020-10-17T17:25:35.8069295,2020-10-17T17:25:35.8069295
"Ellipse",897,68.749537023127,122.1062079282,258.51982049364,2020-10-17T17:25:36.3123836,2020-10-17T17:25:36.3123836
"Ellipse",897,68.749537023127,102.86926866237,143.82607048124,2020-10-17T17:25:36.3123836,2020-10-17T17:25:36.3123836
"Ellipse",898,68.749537023127,122.06656694091,258.35041136874,2020-10-17T17:25:36.8088274,2020-10-17T17:25:36.8088274
"Ellipse",898,68.749537023127,102.86510041683,143.87419477075,2020-10-17T17:25:36.8088274,2020-10-17T17:25:36.8088274
"Ellipse",899,68.749537023127,122.02804786836,258.41697830965,2020-10-17T17:25:37.3082780,2020-10-17T17:25:37.3082780
"Ellipse",899,68.749537023127,102.61538461539,143.85714285714,2020-10-17T17:25:37.3082780,2020-10-17T17:25:37.3082780
"Ellipse",900,68.749537023127,122.06806282723,258.69633507853,2020-10-17T17:25:37.8237415,2020-10-17T17:25:37.8237415
"Ellipse",900,68.749537023127,102.6328154604,143.43122394847,2020-10-17T17:25:37.8237415,2020-10-17T17:25:37.8237415
"Ellipse",901,68.749537023127,121.71166791324,258.24569932685,2020-10-17T17:25:38.3081783,2020-10-17T17:25:38.3081783
"Ellipse",901,68.749537023127,102.67298219022,143.52482000758,2020-10-17T17:25:38.3081783,2020-10-17T17:25:38.3081783
"Ellipse",902,68.749537023127,121.93979057592,257.698578908,2020-10-17T17:25:38.8076273,2020-10-17T17:25:38.8076273
"Ellipse",902,68.749537023127,102.84350132626,143.4801061008,2020-10-17T17:25:38.8076273,2020-10-17T17:25:38.8076273
"Ellipse",903,68.749537023127,121.96148092745,257.96185489903,2020-10-17T17:25:39.3080791,2020-10-17T17:25:39.3080791
"Ellipse",903,68.749537023127,102.96741189845,144.12921561197,2020-10-17T17:25:39.3080791,2020-10-17T17:25:39.3080791
"Ellipse",904,68.749537023127,122.11181750187,258.89491398654,2020-10-17T17:25:39.8125336,2020-10-17T17:25:39.8125336
"Ellipse",904,68.749537023127,102.89996210686,143.63205759758,2020-10-17T17:25:39.8125336,2020-10-17T17:25:39.8125336
"Ellipse",905,68.749537023127,122.21765145849,258.13537771129,2020-10-17T17:25:40.3079800,2020-10-17T17:25:40.3079800
"Ellipse",905,68.749537023127,102.80295566503,143.73702159909,2020-10-17T17:25:40.3079800,2020-10-17T17:25:40.3079800
"Ellipse",906,68.749537023127,122.14510097233,257.93866866118,2020-10-17T17:25:40.8064291,2020-10-17T17:25:40.8064291
"Ellipse",906,68.749537023127,102.86206896552,143.88215233043,2020-10-17T17:25:40.8064291,2020-10-17T17:25:40.8064291
"Ellipse",907,68.749537023127,122.10583395662,258.72251308901,2020-10-17T17:25:41.3098830,2020-10-17T17:25:41.3098830
"Ellipse",907,68.749537023127,102.81053429329,143.73777946192,2020-10-17T17:25:41.3098830,2020-10-17T17:25:41.3098830
"Ellipse",908,68.749537023127,122.09536275243,257.87023186238,2020-10-17T17:25:41.8063300,2020-10-17T17:25:41.8063300
"Ellipse",908,68.749537023127,102.78135657446,144.03789314134,2020-10-17T17:25:41.8063300,2020-10-17T17:25:41.8063300
"Ellipse",909,68.749537023127,122.13126402393,258.87696335079,2020-10-17T17:25:42.3187917,2020-10-17T17:25:42.3187917
"Ellipse",909,68.749537023127,102.8840469875,143.55172413793,2020-10-17T17:25:42.3187917,2020-10-17T17:25:42.3187917
"Ellipse",910,68.749537023127,121.94315632012,257.78646222887,2020-10-17T17:25:42.8062311,2020-10-17T17:25:42.8062311
"Ellipse",910,68.749537023127,102.70708601743,144.13982569155,2020-10-17T17:25:42.8062311,2020-10-17T17:25:42.8062311
"Ellipse",911,68.749537023127,122.21503365744,258.22251308901,2020-10-17T17:25:43.3226961,2020-10-17T17:25:43.3226961
"Ellipse",911,68.749537023127,102.68624478969,144.0197044335,2020-10-17T17:25:43.3226961,2020-10-17T17:25:43.3226961
"Ellipse",912,68.749537023127,122.20082273747,259.04001495886,2020-10-17T17:25:43.8071326,2020-10-17T17:25:43.8071326
"Ellipse",912,68.749537023127,102.94998105343,144.06062902615,2020-10-17T17:25:43.8071326,2020-10-17T17:25:43.8071326
"Ellipse",913,68.749537023127,121.74906507106,261.99027673897,2020-10-17T17:25:44.3115871,2020-10-17T17:25:44.3115871
"Ellipse",913,68.749537023127,103.01288366806,143.7260325881,2020-10-17T17:25:44.3115871,2020-10-17T17:25:44.3115871
"Ellipse",914,68.749537023127,121.34480179506,261.58077786088,2020-10-17T17:25:44.8070335,2020-10-17T17:25:44.8070335
"Ellipse",914,68.749537023127,102.99886320576,143.74118984464,2020-10-17T17:25:44.8070335,2020-10-17T17:25:44.8070335
"Ellipse",915,68.749537023127,121.24195961107,261.94091249065,2020-10-17T17:25:45.3094865,2020-10-17T17:25:45.3094865
"Ellipse",915,68.749537023127,102.79878741948,143.78400909435,2020-10-17T17:25:45.3094865,2020-10-17T17:25:45.3094865
"Ellipse",916,68.749537023127,121.27337322364,262.34293193717,2020-10-17T17:25:45.8119389,2020-10-17T17:25:45.8119389
"Ellipse",916,68.749537023127,102.77718832891,143.48200075786,2020-10-17T17:25:45.8119389,2020-10-17T17:25:45.8119389
"Ellipse",917,68.749537023127,121.6215407629,261.14098728497,2020-10-17T17:25:46.3073852,2020-10-17T17:25:46.3073852
"Ellipse",917,68.749537023127,102.80522925351,143.65896172793,2020-10-17T17:25:46.3073852,2020-10-17T17:25:46.3073852
"Ellipse",918,68.749537023127,121.49027673897,259.33807030666,2020-10-17T17:25:46.8078361,2020-10-17T17:25:46.8078361
"Ellipse",918,68.749537023127,102.78893520273,144.51534672224,2020-10-17T17:25:46.8078361,2020-10-17T17:25:46.8078361
"Ellipse",919,68.749537023127,121.81600598355,258.71465968586,2020-10-17T17:25:47.3182960,2020-10-17T17:25:47.3182960
"Ellipse",919,68.749537023127,102.83630162941,143.83289124668,2020-10-17T17:25:47.3182960,2020-10-17T17:25:47.3182960
"Ellipse",920,68.749537023127,121.6335078534,258.0617053104,2020-10-17T17:25:47.8157442,2020-10-17T17:25:47.8157442
"Ellipse",920,68.749537023127,102.84274346343,143.58090185676,2020-10-17T17:25:47.8157442,2020-10-17T17:25:47.8157442
"Ellipse",921,68.749537023127,121.66716529544,259.09611069559,2020-10-17T17:25:48.3081879,2020-10-17T17:25:48.3081879
"Ellipse",921,68.749537023127,102.68662372111,143.67752936719,2020-10-17T17:25:48.3081879,2020-10-17T17:25:48.3081879
"Ellipse",922,68.749537023127,122.27112939417,258.96447270008,2020-10-17T17:25:48.8186471,2020-10-17T17:25:48.8186471
"Ellipse",922,68.749537023127,102.73929518757,143.57142857143,2020-10-17T17:25:48.8186471,2020-10-17T17:25:48.8186471
"Ellipse",923,68.749537023127,122.14173522812,258.98167539267,2020-10-17T17:25:49.3120924,2020-10-17T17:25:49.3120924
"Ellipse",923,68.749537023127,102.69382341796,143.72451686245,2020-10-17T17:25:49.3120924,2020-10-17T17:25:49.3120924
"Ellipse",924,68.749537023127,121.84367988033,258.62415856395,2020-10-17T17:25:49.8075419,2020-10-17T17:25:49.8075419
"Ellipse",924,68.749537023127,102.88025767336,143.43122394847,2020-10-17T17:25:49.8075419,2020-10-17T17:25:49.8075419
"Ellipse",925,68.749537023127,121.41249065071,253.5684367988,2020-10-17T17:25:50.3069935,2020-10-17T17:25:50.3069935
"Ellipse",925,68.749537023127,102.60136415309,142.17771883289,2020-10-17T17:25:50.3069935,2020-10-17T17:25:50.3069935
"Ellipse",926,68.749537023127,121.50112191473,254.29319371728,2020-10-17T17:25:50.8074396,2020-10-17T17:25:50.8074396
"Ellipse",926,68.749537023127,102.72641151952,142.43539219401,2020-10-17T17:25:50.8074396,2020-10-17T17:25:50.8074396
"Ellipse",927,68.749537023127,121.34854151085,253.7808526552,2020-10-17T17:25:51.3078956,2020-10-17T17:25:51.3078956
"Ellipse",927,68.749537023127,102.68056081849,142.6441834028,2020-10-17T17:25:51.3078956,2020-10-17T17:25:51.3078956
"Ellipse",928,68.749537023127,121.3047868362,254.32086761406,2020-10-17T17:25:51.8083404,2020-10-17T17:25:51.8083404
"Ellipse",928,68.749537023127,102.67411898446,142.48541114058,2020-10-17T17:25:51.8083404,2020-10-17T17:25:51.8083404
"Ellipse",929,68.749537023127,121.12041884817,253.92333582648,2020-10-17T17:25:52.3198022,2020-10-17T17:25:52.3198022
"Ellipse",929,68.749537023127,102.7343690792,142.84918529746,2020-10-17T17:25:52.3198022,2020-10-17T17:25:52.3198022
"Ellipse",930,68.749537023127,121.63949139865,259.28833208676,2020-10-17T17:25:52.8102469,2020-10-17T17:25:52.8102469
"Ellipse",930,68.749537023127,102.81773399015,143.44107616521,2020-10-17T17:25:52.8102469,2020-10-17T17:25:52.8102469
"Ellipse",931,68.749537023127,122.15856394914,261.53477935677,2020-10-17T17:25:53.3167013,2020-10-17T17:25:53.3167013
"Ellipse",931,68.749537023127,102.80485032209,143.72300113679,2020-10-17T17:25:53.3167013,2020-10-17T17:25:53.3167013
"Ellipse",932,68.749537023127,121.8133881825,260.86350037397,2020-10-17T17:25:53.8121493,2020-10-17T17:25:53.8121493
"Ellipse",932,68.749537023127,102.74914740432,143.81091322471,2020-10-17T17:25:53.8121493,2020-10-17T17:25:53.8121493
"Ellipse",933,68.749537023127,121.99626028422,260.57554225879,2020-10-17T17:25:54.3075921,2020-10-17T17:25:54.3075921
"Ellipse",933,68.749537023127,102.9151193634,144.05532398636,2020-10-17T17:25:54.3075921,2020-10-17T17:25:54.3075921
"Ellipse",934,68.749537023127,122.22064323111,260.2636499626,2020-10-17T17:25:54.8100458,2020-10-17T17:25:54.8100458
"Ellipse",934,68.749537023127,102.96513830997,144.02690413035,2020-10-17T17:25:54.8100458,2020-10-17T17:25:54.8100458
"Ellipse",935,68.749537023127,122.30216903515,260.47643979058,2020-10-17T17:25:55.3104967,2020-10-17T17:25:55.3104967
"Ellipse",935,68.749537023127,103.06479727169,143.73323228496,2020-10-17T17:25:55.3104967,2020-10-17T17:25:55.3104967
"Ellipse",936,68.749537023127,121.98616305161,260.22625280479,2020-10-17T17:25:55.8079449,2020-10-17T17:25:55.8079449
"Ellipse",936,68.749537023127,102.62864721485,144.26449412656,2020-10-17T17:25:55.8079449,2020-10-17T17:25:55.8079449
"Ellipse",937,68.749537023127,122.21391174271,259.96522064323,2020-10-17T17:25:56.3164030,2020-10-17T17:25:56.3164030
"Ellipse",937,68.749537023127,102.59416445623,143.97271693823,2020-10-17T17:25:56.3164030,2020-10-17T17:25:56.3164030
"Ellipse",938,68.749537023127,122.22176514585,260.68548990277,2020-10-17T17:25:56.8108484,2020-10-17T17:25:56.8108484
"Ellipse",938,68.749537023127,102.75066312997,143.63357332323,2020-10-17T17:25:56.8108484,2020-10-17T17:25:56.8108484
"Ellipse",939,68.749537023127,122.07778608826,260.39528795812,2020-10-17T17:25:57.3062948,2020-10-17T17:25:57.3062948
"Ellipse",939,68.749537023127,102.76998863206,144.10496400152,2020-10-17T17:25:57.3062948,2020-10-17T17:25:57.3062948
"Ellipse",940,68.749537023127,122.15332834705,260.28982797307,2020-10-17T17:25:57.8237659,2020-10-17T17:25:57.8237659
"Ellipse",940,68.749537023127,102.82000757863,143.49488442592,2020-10-17T17:25:57.8237659,2020-10-17T17:25:57.8237659
"Ellipse",941,68.749537023127,121.1952131638,256.6181750187,2020-10-17T17:25:58.3072014,2020-10-17T17:25:58.3072014
"Ellipse",941,68.749537023127,102.70822281167,142.78514588859,2020-10-17T17:25:58.3072014,2020-10-17T17:25:58.3072014
"Ellipse",942,68.749537023127,121.2894540015,256.89117427076,2020-10-17T17:25:58.8126555,2020-10-17T17:25:58.8126555
"Ellipse",942,68.749537023127,102.73020083365,142.8700265252,2020-10-17T17:25:58.8126555,2020-10-17T17:25:58.8126555
"Ellipse",943,68.749537023127,121.23709798055,257.40164547494,2020-10-17T17:25:59.3061030,2020-10-17T17:25:59.3061030
"Ellipse",943,68.749537023127,102.73664266768,142.6354679803,2020-10-17T17:25:59.3061030,2020-10-17T17:25:59.3061030
"Ellipse",944,68.749537023127,121.10284218399,257.78571428571,2020-10-17T17:25:59.8135538,2020-10-17T17:25:59.8135538
"Ellipse",944,68.749537023127,102.57142857143,142.58507010231,2020-10-17T17:25:59.8135538,2020-10-17T17:25:59.8135538
"Ellipse",945,68.749537023127,121.30516080778,256.08825729245,2020-10-17T17:26:00.3080005,2020-10-17T17:26:00.3080005
"Ellipse",945,68.749537023127,102.74914740432,142.81091322471,2020-10-17T17:26:00.3080005,2020-10-17T17:26:00.3080005
"Ellipse",946,68.749537023127,121.29431563201,257.41884816754,2020-10-17T17:26:00.8084540,2020-10-17T17:26:00.8084540
"Ellipse",946,68.749537023127,102.78779840849,142.77832512315,2020-10-17T17:26:00.8084540,2020-10-17T17:26:00.8084540
"Ellipse",947,68.749537023127,121.03851907255,256.3818249813,2020-10-17T17:26:01.3189100,2020-10-17T17:26:01.3189100
"Ellipse",947,68.749537023127,102.6722243274,142.65100416825,2020-10-17T17:26:01.3189100,2020-10-17T17:26:01.3189100
"Ellipse",948,68.749537023127,121.3219895288,256.88668661182,2020-10-17T17:26:01.8083510,2020-10-17T17:26:01.8083510
"Ellipse",948,68.749537023127,102.6017430845,142.82834406972,2020-10-17T17:26:01.8083510,2020-10-17T17:26:01.8083510
"Ellipse",949,68.749537023127,121.06918474196,257.02468212416,2020-10-17T17:26:02.3078020,2020-10-17T17:26:02.3078020
"Ellipse",949,68.749537023127,102.72451686245,142.68397120121,2020-10-17T17:26:02.3078020,2020-10-17T17:26:02.3078020
"Ellipse",950,68.749537023127,121.50972326103,255.90875093493,2020-10-17T17:26:02.8082522,2020-10-17T17:26:02.8082522
"Ellipse",950,68.749537023127,102.8192497158,142.70746494884,2020-10-17T17:26:02.8082522,2020-10-17T17:26:02.8082522
"Ellipse",951,68.749537023127,121.47307404637,256.07554225879,2020-10-17T17:26:03.3127105,2020-10-17T17:26:03.3127105
"Ellipse",951,68.749537023127,102.73133762789,143.04888215233,2020-10-17T17:26:03.3127105,2020-10-17T17:26:03.3127105
"Ellipse",952,68.749537023127,121.52842183994,256.37808526552,2020-10-17T17:26:03.8221721,2020-10-17T17:26:03.8221721
"Ellipse",952,68.749537023127,102.49677908299,143.08942781357,2020-10-17T17:26:03.8221721,2020-10-17T17:26:03.8221721
"Ellipse",953,68.749537023127,121.62939416604,256.03440538519,2020-10-17T17:26:04.3076027,2020-10-17T17:26:04.3076027
"Ellipse",953,68.749537023127,102.77643046609,143.23872679045,2020-10-17T17:26:04.3076027,2020-10-17T17:26:04.3076027
"Ellipse",954,68.749537023127,121.5736724009,255.93380703067,2020-10-17T17:26:04.8070530,2020-10-17T17:26:04.8070530
"Ellipse",954,68.749537023127,102.66843501326,143.08033345964,2020-10-17T17:26:04.8070530,2020-10-17T17:26:04.8070530
"Ellipse",955,68.749537023127,121.5531039641,256.79356768886,2020-10-17T17:26:05.3105076,2020-10-17T17:26:05.3105076
"Ellipse",955,68.749537023127,102.78400909435,142.50625236832,2020-10-17T17:26:05.3105076,2020-10-17T17:26:05.3105076
"Ellipse",956,68.749537023127,121.54899027674,257.10134629768,2020-10-17T17:26:05.8149608,2020-10-17T17:26:05.8149608
"Ellipse",956,68.749537023127,102.5763546798,142.98938992042,2020-10-17T17:26:05.8149608,2020-10-17T17:26:05.8149608
"Ellipse",957,68.749537023127,121.40949887809,256.32572924458,2020-10-17T17:26:06.3094066,2020-10-17T17:26:06.3094066
"Ellipse",957,68.749537023127,102.8389541493,142.64569912846,2020-10-17T17:26:06.3094066,2020-10-17T17:26:06.3094066
"Ellipse",958,68.749537023127,121.44465220643,256.18698578908,2020-10-17T17:26:06.8078554,2020-10-17T17:26:06.8078554
"Ellipse",958,68.749537023127,102.68397120121,142.94732853354,2020-10-17T17:26:06.8078554,2020-10-17T17:26:06.8078554
"Ellipse",959,68.749537023127,121.53216155572,255.82311144353,2020-10-17T17:26:07.3063044,2020-10-17T17:26:07.3063044
"Ellipse",959,68.749537023127,102.72906403941,142.55740810913,2020-10-17T17:26:07.3063044,2020-10-17T17:26:07.3063044
"Ellipse",960,68.749537023127,121.74270755423,256.13089005236,2020-10-17T17:26:07.8167640,2020-10-17T17:26:07.8167640
"Ellipse",960,68.749537023127,102.65327775673,142.82038651004,2020-10-17T17:26:07.8167640,2020-10-17T17:26:07.8167640
"Ellipse",961,68.749537023127,121.36387434555,256.27898279731,2020-10-17T17:26:08.3072053,2020-10-17T17:26:08.3072053
"Ellipse",961,68.749537023127,102.68965517241,142.88025767336,2020-10-17T17:26:08.3072053,2020-10-17T17:26:08.3072053
"Ellipse",962,68.749537023127,121.34704562453,256.99439042633,2020-10-17T17:26:08.8216697,2020-10-17T17:26:08.8216697
"Ellipse",962,68.749537023127,102.65479348238,142.82569154983,2020-10-17T17:26:08.8216697,2020-10-17T17:26:08.8216697
"Ellipse",963,68.749537023127,121.25654450262,256.95998504114,2020-10-17T17:26:09.3141144,2020-10-17T17:26:09.3141144
"Ellipse",963,68.749537023127,102.55475558924,142.77415687761,2020-10-17T17:26:09.3141144,2020-10-17T17:26:09.3141144
"Ellipse",964,68.749537023127,121.44240837696,256.85826477188,2020-10-17T17:26:09.8065603,2020-10-17T17:26:09.8065603
"Ellipse",964,68.749537023127,102.58658582797,143.18870784388,2020-10-17T17:26:09.8065603,2020-10-17T17:26:09.8065603
"Ellipse",965,68.749537023127,121.34629768138,256.0411368736,2020-10-17T17:26:10.3080089,2020-10-17T17:26:10.3080089
"Ellipse",965,68.749537023127,102.77605153467,143.02576733611,2020-10-17T17:26:10.3080089,2020-10-17T17:26:10.3080089
"Ellipse",966,68.749537023127,121.66230366492,256.01682872102,2020-10-17T17:26:10.8074589,2020-10-17T17:26:10.8074589
"Ellipse",966,68.749537023127,102.72110647973,142.89010989011,2020-10-17T17:26:10.8074589,2020-10-17T17:26:10.8074589
"Ellipse",967,68.749537023127,121.34143605086,256.38818249813,2020-10-17T17:26:11.3079097,2020-10-17T17:26:11.3079097
"Ellipse",967,68.749537023127,102.76468359227,142.89920424403,2020-10-17T17:26:11.3079097,2020-10-17T17:26:11.3079097
"Ellipse",968,68.749537023127,121.12490650711,258.31114435303,2020-10-17T17:26:11.8223736,2020-10-17T17:26:11.8223736
"Ellipse",968,68.749537023127,102.71769609701,142.6525198939,2020-10-17T17:26:11.8223736,2020-10-17T17:26:11.8223736
"Ellipse",969,68.749537023127,120.96484667165,258.08937920718,2020-10-17T17:26:12.3088154,2020-10-17T17:26:12.3088154
"Ellipse",969,68.749537023127,102.74535809019,143.19136036377,2020-10-17T17:26:12.3088154,2020-10-17T17:26:12.3088154
"Ellipse",970,68.749537023127,120.55572176515,259.53029169783,2020-10-17T17:26:12.8072606,2020-10-17T17:26:12.8072606
"Ellipse",970,68.749537023127,102.83099658962,143.13338385752,2020-10-17T17:26:12.8072606,2020-10-17T17:26:12.8072606
"Ellipse",971,68.749537023127,120.81899775617,258.38070306657,2020-10-17T17:26:13.3117151,2020-10-17T17:26:13.3117151
"Ellipse",971,68.749537023127,102.69420234938,142.90829859795,2020-10-17T17:26:13.3117151,2020-10-17T17:26:13.3117151
"Ellipse",972,68.749537023127,120.87733732236,257.43866866118,2020-10-17T17:26:13.8071621,2020-10-17T17:26:13.8071621
"Ellipse",972,68.749537023127,102.66275104206,143.19325502084,2020-10-17T17:26:13.8071621,2020-10-17T17:26:13.8071621
"Ellipse",973,68.749537023127,121.18848167539,256.91697830965,2020-10-17T17:26:14.3236277,2020-10-17T17:26:14.3236277
"Ellipse",973,68.749537023127,102.68738158393,143.01818870784,2020-10-17T17:26:14.3236277,2020-10-17T17:26:14.3236277
"Ellipse",974,68.749537023127,120.93717277487,257.26925953628,2020-10-17T17:26:14.8070681,2020-10-17T17:26:14.8070681
"Ellipse",974,68.749537023127,102.66729821902,142.84729064039,2020-10-17T17:26:14.8070681,2020-10-17T17:26:14.8070681
"Ellipse",975,68.749537023127,121.21615557218,256.42557965595,2020-10-17T17:26:15.3135215,2020-10-17T17:26:15.3135215
"Ellipse",975,68.749537023127,102.67108753316,143.3842364532,2020-10-17T17:26:15.3135215,2020-10-17T17:26:15.3135215
"Ellipse",976,68.749537023127,121.17501869858,256.5890052356,2020-10-17T17:26:15.8069632,2020-10-17T17:26:15.8069632
"Ellipse",976,68.749537023127,102.83402804093,142.89314134142,2020-10-17T17:26:15.8069632,2020-10-17T17:26:15.8069632
"Ellipse",977,68.749537023127,121.22213911743,256.66978309649,2020-10-17T17:26:16.3104219,2020-10-17T17:26:16.3104219
"Ellipse",977,68.749537023127,102.71542250853,142.89010989011,2020-10-17T17:26:16.3104219,2020-10-17T17:26:16.3104219
"Ellipse",978,68.749537023127,121.11929693343,256.3133881825,2020-10-17T17:26:16.8078672,2020-10-17T17:26:16.8078672
"Ellipse",978,68.749537023127,102.5733232285,143.21712769989,2020-10-17T17:26:16.8078672,2020-10-17T17:26:16.8078672
"Ellipse",979,68.749537023127,121.02243829469,255.8698578908,2020-10-17T17:26:17.3103167,2020-10-17T17:26:17.3103167
"Ellipse",979,68.749537023127,102.60401667298,142.89314134142,2020-10-17T17:26:17.3103167,2020-10-17T17:26:17.3103167
"Ellipse",980,68.749537023127,121.11518324607,256.85863874346,2020-10-17T17:26:17.8207773,2020-10-17T17:26:17.8207773
"Ellipse",980,68.749537023127,102.71239105722,142.92838196287,2020-10-17T17:26:17.8207773,2020-10-17T17:26:17.8207773
"Ellipse",981,68.749537023127,121.05497382199,256.3784592371,2020-10-17T17:26:18.3082161,2020-10-17T17:26:18.3082161
"Ellipse",981,68.749537023127,102.78628268283,143.03145130731,2020-10-17T17:26:18.3082161,2020-10-17T17:26:18.3082161
"Ellipse",982,68.749537023127,121.1593118923,255.83358264772,2020-10-17T17:26:18.8176761,2020-10-17T17:26:18.8176761
"Ellipse",982,68.749537023127,102.73702159909,143.05759757484,2020-10-17T17:26:18.8176761,2020-10-17T17:26:18.8176761
"Ellipse",983,68.749537023127,121.36798803291,255.66305160808,2020-10-17T17:26:19.3081176,2020-10-17T17:26:19.3081176
"Ellipse",983,68.749537023127,102.7146646457,142.35771125426,2020-10-17T17:26:19.3081176,2020-10-17T17:26:19.3081176
"Ellipse",984,68.749537023127,121.20493642483,255.87359760658,2020-10-17T17:26:19.8075682,2020-10-17T17:26:19.8075682
"Ellipse",984,68.749537023127,102.69154982948,143.01477832512,2020-10-17T17:26:19.8075682,2020-10-17T17:26:19.8075682
"Ellipse",985,68.749537023127,120.9195961107,255.24345549738,2020-10-17T17:26:20.3080185,2020-10-17T17:26:20.3080185
"Ellipse",985,68.749537023127,102.72375899962,142.88366805608,2020-10-17T17:26:20.3080185,2020-10-17T17:26:20.3080185
"Ellipse",986,68.749537023127,121.31637995512,255.76738967838,2020-10-17T17:26:20.8074717,2020-10-17T17:26:20.8074717
"Ellipse",986,68.749537023127,102.74194770747,142.83668056082,2020-10-17T17:26:20.8074717,2020-10-17T17:26:20.8074717
"Ellipse",987,68.749537023127,121.02356020942,256.38893044129,2020-10-17T17:26:21.3089238,2020-10-17T17:26:21.3089238
"Ellipse",987,68.749537023127,102.7400530504,142.77226222054,2020-10-17T17:26:21.3089238,2020-10-17T17:26:21.3089238
"Ellipse",988,68.749537023127,120.69409124907,258.1660433807,2020-10-17T17:26:21.8203801,2020-10-17T17:26:21.8203801
"Ellipse",988,68.749537023127,102.81508147025,142.95680181887,2020-10-17T17:26:21.8203801,2020-10-17T17:26:21.8203801
"Ellipse",989,68.749537023127,120.53216155572,257.82086761406,2020-10-17T17:26:22.3078244,2020-10-17T17:26:22.3078244
"Ellipse",989,68.749537023127,102.81167108753,143.08866995074,2020-10-17T17:26:22.3078244,2020-10-17T17:26:22.3078244
"Ellipse",990,68.749537023127,120.7124158564,256.65632011967,2020-10-17T17:26:22.8072734,2020-10-17T17:26:22.8072734
"Ellipse",990,68.749537023127,102.84842743463,142.74270557029,2020-10-17T17:26:22.8072734,2020-10-17T17:26:22.8072734
"Ellipse",991,68.749537023127,120.92109199701,255.04001495886,2020-10-17T17:26:23.3187349,2020-10-17T17:26:23.3187349
"Ellipse",991,68.749537023127,102.78400909435,142.96286472149,2020-10-17T17:26:23.3187349,2020-10-17T17:26:23.3187349
"Ellipse",992,68.749537023127,121.0770381451,255.64472700075,2020-10-17T17:26:23.8071717,2020-10-17T17:26:23.8071717
"Ellipse",992,68.749537023127,102.8332701781,142.6441834028,2020-10-17T17:26:23.8071717,2020-10-17T17:26:23.8071717
"Ellipse",993,68.749537023127,121.01047120419,255.1918474196,2020-10-17T17:26:24.3066211,2020-10-17T17:26:24.3066211
"Ellipse",993,68.749537023127,102.7089806745,142.9124668435,2020-10-17T17:26:24.3066211,2020-10-17T17:26:24.3066211
"Ellipse",994,68.749537023127,121.11967090501,255.55908750935,2020-10-17T17:26:24.8110756,2020-10-17T17:26:24.8110756
"Ellipse",994,68.749537023127,102.78097764305,142.78628268283,2020-10-17T17:26:24.8110756,2020-10-17T17:26:24.8110756
"Ellipse",995,68.749537023127,121.01795063575,255.25504861631,2020-10-17T17:26:25.3115255,2020-10-17T17:26:25.3115255
"Ellipse",995,68.749537023127,102.67752936719,142.71239105722,2020-10-17T17:26:25.3115255,2020-10-17T17:26:25.3115255
"Ellipse",996,68.749537023127,120.86611817502,254.62041884817,2020-10-17T17:26:25.8099755,2020-10-17T17:26:25.8099755
"Ellipse",996,68.749537023127,102.86510041683,142.58810155362,2020-10-17T17:26:25.8099755,2020-10-17T17:26:25.8099755
"Ellipse",997,68.749537023127,120.85003739716,254.4143605086,2020-10-17T17:26:26.3074240,2020-10-17T17:26:26.3074240
"Ellipse",997,68.749537023127,102.62410003789,142.95793861311,2020-10-17T17:26:26.3074240,2020-10-17T17:26:26.3074240
"Ellipse",998,68.749537023127,120.91772625281,254.71428571429,2020-10-17T17:26:26.8098767,2020-10-17T17:26:26.8098767
"Ellipse",998,68.749537023127,102.74460022736,142.9829480864,2020-10-17T17:26:26.8098767,2020-10-17T17:26:26.8098767
"Ellipse",999,68.749537023127,120.88668661182,254.50186985789,2020-10-17T17:26:27.3223372,2020-10-17T17:26:27.3223372
"Ellipse",999,68.749537023127,102.84084880637,142.69382341796,2020-10-17T17:26:27.3223372,2020-10-17T17:26:27.3223372
"Ellipse",1000,68.749537023127,121.14285714286,254.72400897532,2020-10-17T17:26:27.8227890,2020-10-17T17:26:27.8227890
"Ellipse",1000,68.749537023127,102.84691170898,143.11140583554,2020-10-17T17:26:27.8227890,2020-10-17T17:26:27.8227890
"Ellipse",1001,68.749537023127,120.90987284966,254.10658189978,2020-10-17T17:26:28.3082264,2020-10-17T17:26:28.3082264
"Ellipse",1001,68.749537023127,102.81508147025,142.60591133005,2020-10-17T17:26:28.3082264,2020-10-17T17:26:28.3082264
"Ellipse",1002,68.749537023127,121.08601346298,253.74121166791,2020-10-17T17:26:28.8236908,2020-10-17T17:26:28.8236908
"Ellipse",1002,68.749537023127,102.8529746116,142.77491474043,2020-10-17T17:26:28.8236908,2020-10-17T17:26:28.8236908
"Ellipse",1003,68.749537023127,120.84181002244,253.82273747195,2020-10-17T17:26:29.3071263,2020-10-17T17:26:29.3071263
"Ellipse",1003,68.749537023127,102.59189086775,143.10647972717,2020-10-17T17:26:29.3071263,2020-10-17T17:26:29.3071263
"Ellipse",1004,68.749537023127,121.15632011967,254.16529543755,2020-10-17T17:26:29.8105799,2020-10-17T17:26:29.8105799
"Ellipse",1004,68.749537023127,102.70822281167,143.36907919667,2020-10-17T17:26:29.8105799,2020-10-17T17:26:29.8105799
"Ellipse",1005,68.749537023127,120.95400149589,254.11593118923,2020-10-17T17:26:30.3060266,2020-10-17T17:26:30.3060266
"Ellipse",1005,68.749537023127,102.7457370216,142.78325123153,2020-10-17T17:26:30.3060266,2020-10-17T17:26:30.3060266
"Ellipse",1006,68.749537023127,121.12341062079,254.81451009723,2020-10-17T17:26:30.8104808,2020-10-17T17:26:30.8104808
"Ellipse",1006,68.749537023127,102.69799166351,143.05039787798,2020-10-17T17:26:30.8104808,2020-10-17T17:26:30.8104808
"Ellipse",1007,68.749537023127,120.96372475692,254.6335078534,2020-10-17T17:26:31.3069281,2020-10-17T17:26:31.3069281
"Ellipse",1007,68.749537023127,102.63167866616,142.82038651004,2020-10-17T17:26:31.3069281,2020-10-17T17:26:31.3069281
"Ellipse",1008,68.749537023127,120.75654450262,254.89790575916,2020-10-17T17:26:31.8143853,2020-10-17T17:26:31.8143853
"Ellipse",1008,68.749537023127,102.65403561955,142.78628268283,2020-10-17T17:26:31.8143853,2020-10-17T17:26:31.8143853
"Ellipse",1009,68.749537023127,120.87359760658,253.87771129394,2020-10-17T17:26:32.3098317,2020-10-17T17:26:32.3098317
"Ellipse",1009,68.749537023127,102.76241000379,142.65479348238,2020-10-17T17:26:32.3098317,2020-10-17T17:26:32.3098317
"Ellipse",1010,68.749537023127,120.85602094241,254.51570680628,2020-10-17T17:26:32.8082807,2020-10-17T17:26:32.8082807
"Ellipse",1010,68.749537023127,102.76885183782,142.70253884047,2020-10-17T17:26:32.8082807,2020-10-17T17:26:32.8082807
"Ellipse",1011,68.749537023127,120.78197456993,253.93455497382,2020-10-17T17:26:33.3197406,2020-10-17T17:26:33.3197406
"Ellipse",1011,68.749537023127,102.66919287609,142.56763925729,2020-10-17T17:26:33.3197406,2020-10-17T17:26:33.3197406
"Ellipse",1012,68.749537023127,120.93418100224,253.52094240838,2020-10-17T17:26:33.8071807,2020-10-17T17:26:33.8071807
"Ellipse",1012,68.749537023127,102.97840090944,142.95528609322,2020-10-17T17:26:33.8071807,2020-10-17T17:26:33.8071807
"Ellipse",1013,68.749537023127,120.7516828721,253.79543754675,2020-10-17T17:26:34.3076316,2020-10-17T17:26:34.3076316
"Ellipse",1013,68.749537023127,102.75558923835,142.89086775294,2020-10-17T17:26:34.3076316,2020-10-17T17:26:34.3076316
"Ellipse",1014,68.749537023127,120.82049364248,254.36537023186,2020-10-17T17:26:34.8080828,2020-10-17T17:26:34.8080828
"Ellipse",1014,68.749537023127,102.81205001895,142.82531261842,2020-10-17T17:26:34.8080828,2020-10-17T17:26:34.8080828
"Ellipse",1015,68.749537023127,120.73410620793,254.09311892296,2020-10-17T17:26:35.3115393,2020-10-17T17:26:35.3115393
"Ellipse",1015,68.749537023127,102.71125426298,142.71276998863,2020-10-17T17:26:35.3115393,2020-10-17T17:26:35.3115393
"Ellipse",1016,68.749537023127,120.4794315632,254.23709798055,2020-10-17T17:26:35.8079859,2020-10-17T17:26:35.8079859
"Ellipse",1016,68.749537023127,102.87343690792,142.81849185298,2020-10-17T17:26:35.8079859,2020-10-17T17:26:35.8079859
"Ellipse",1017,68.749537023127,120.24158563949,255.41884816754,2020-10-17T17:26:36.3074359,2020-10-17T17:26:36.3074359
"Ellipse",1017,68.749537023127,102.72300113679,142.90450928382,2020-10-17T17:26:36.3074359,2020-10-17T17:26:36.3074359
"Ellipse",1018,68.749537023127,119.71652954376,256.28047868362,2020-10-17T17:26:36.8108869,2020-10-17T17:26:36.8108869
"Ellipse",1018,68.749537023127,102.66426676772,142.63736263736,2020-10-17T17:26:36.8108869,2020-10-17T17:26:36.8108869
"Ellipse",1019,68.749537023127,120.12041884817,255.73148840688,2020-10-17T17:26:37.3113378,2020-10-17T17:26:37.3113378
"Ellipse",1019,68.749537023127,102.71011746874,142.83630162941,2020-10-17T17:26:37.3113378,2020-10-17T17:26:37.3113378
"Ellipse",1020,68.749537023127,120.34629768138,255.51533283471,2020-10-17T17:26:37.8187960,2020-10-17T17:26:37.8187960
"Ellipse",1020,68.749537023127,102.61045850701,142.75104206139,2020-10-17T17:26:37.8187960,2020-10-17T17:26:37.8187960
"Ellipse",1021,68.749537023127,119.98429319372,255.56581899776,2020-10-17T17:26:38.3182457,2020-10-17T17:26:38.3182457
"Ellipse",1021,68.749537023127,102.66995073892,142.80447139068,2020-10-17T17:26:38.3182457,2020-10-17T17:26:38.3182457
"Ellipse",1022,68.749537023127,120.14622288706,255.58189977562,2020-10-17T17:26:38.8156958,2020-10-17T17:26:38.8156958
"Ellipse",1022,68.749537023127,102.75824175824,142.54831375521,2020-10-17T17:26:38.8156958,2020-10-17T17:26:38.8156958
"Ellipse",1023,68.749537023127,119.75355272999,256.63724756919,2020-10-17T17:26:39.3151451,2020-10-17T17:26:39.3151451
"Ellipse",1023,68.749537023127,102.53732474422,142.52860932171,2020-10-17T17:26:39.3151451,2020-10-17T17:26:39.3151451
"Ellipse",1024,68.749537023127,119.50822737472,258.11219147345,2020-10-17T17:26:39.8085878,2020-10-17T17:26:39.8085878
"Ellipse",1024,68.749537023127,102.68169761273,142.66161424782,2020-10-17T17:26:39.8085878,2020-10-17T17:26:39.8085878
"Ellipse",1025,68.749537023127,119.22475691847,258.61406133134,2020-10-17T17:26:40.3160494,2020-10-17T17:26:40.3160494
"Ellipse",1025,68.749537023127,102.76354679803,142.60932171277,2020-10-17T17:26:40.3160494,2020-10-17T17:26:40.3160494
"Ellipse",1026,68.749537023127,119.32946896036,257.98279730741,2020-10-17T17:26:40.8094937,2020-10-17T17:26:40.8094937
"Ellipse",1026,68.749537023127,102.66995073892,142.4547176961,2020-10-17T17:26:40.8094937,2020-10-17T17:26:40.8094937
"Ellipse",1027,68.749537023127,119.59685863874,255.93380703067,2020-10-17T17:26:41.3069393,2020-10-17T17:26:41.3069393
"Ellipse",1027,68.749537023127,102.59151193634,142.57408109132,2020-10-17T17:26:41.3069393,2020-10-17T17:26:41.3069393
"Ellipse",1028,68.749537023127,119.72961854899,254.84517576664,2020-10-17T17:26:41.8073886,2020-10-17T17:26:41.8073886
"Ellipse",1028,68.749537023127,102.54755589238,142.61955286093,2020-10-17T17:26:41.8073886,2020-10-17T17:26:41.8073886
"Ellipse",1029,68.749537023127,120.13949139865,253.22550486163,2020-10-17T17:26:42.3078395,2020-10-17T17:26:42.3078395
"Ellipse",1029,68.749537023127,102.71769609701,142.61273209549,2020-10-17T17:26:42.3078395,2020-10-17T17:26:42.3078395
"Ellipse",1030,68.749537023127,119.96148092745,252.47531787584,2020-10-17T17:26:42.8062886,2020-10-17T17:26:42.8062886
"Ellipse",1030,68.749537023127,102.9829480864,142.80674497916,2020-10-17T17:26:42.8062886,2020-10-17T17:26:42.8062886
"Ellipse",1031,68.749537023127,120.39154824233,251.40089753179,2020-10-17T17:26:43.3227539,2020-10-17T17:26:43.3227539
"Ellipse",1031,68.749537023127,102.62258431224,142.98711633194,2020-10-17T17:26:43.3227539,2020-10-17T17:26:43.3227539
"Ellipse",1032,68.749537023127,120.20792819746,251.20680628272,2020-10-17T17:26:43.8071923,2020-10-17T17:26:43.8071923
"Ellipse",1032,68.749537023127,102.68169761273,142.92004547177,2020-10-17T17:26:43.8071923,2020-10-17T17:26:43.8071923
"Ellipse",1033,68.749537023127,120.30665669409,251.35826477188,2020-10-17T17:26:44.3086421,2020-10-17T17:26:44.3086421
"Ellipse",1033,68.749537023127,102.84122773778,143.05418719212,2020-10-17T17:26:44.3086421,2020-10-17T17:26:44.3086421
"Ellipse",1034,68.749537023127,120.54300673149,251.0325355273,2020-10-17T17:26:44.8070935,2020-10-17T17:26:44.8070935
"Ellipse",1034,68.749537023127,102.86093217128,143.14172034862,2020-10-17T17:26:44.8070935,2020-10-17T17:26:44.8070935
"Ellipse",1035,68.749537023127,120.31413612565,251.16305160808,2020-10-17T17:26:45.3225588,2020-10-17T17:26:45.3225588
"Ellipse",1035,68.749537023127,102.63433118606,142.88783630163,2020-10-17T17:26:45.3225588,2020-10-17T17:26:45.3225588
"Ellipse",1036,68.749537023127,120.14435302917,250.69670905011,2020-10-17T17:26:45.8059957,2020-10-17T17:26:45.8059957
"Ellipse",1036,68.749537023127,102.71163319439,142.88025767336,2020-10-17T17:26:45.8059957,2020-10-17T17:26:45.8059957
"Ellipse",1037,68.749537023127,119.98279730741,250.63724756919,2020-10-17T17:26:46.3104457,2020-10-17T17:26:46.3104457
"Ellipse",1037,68.749537023127,102.47896930656,142.50511557408,2020-10-17T17:26:46.3104457,2020-10-17T17:26:46.3104457
"Ellipse",1038,68.749537023127,120.39528795812,250.75504861631,2020-10-17T17:26:46.8078942,2020-10-17T17:26:46.8078942
"Ellipse",1038,68.749537023127,102.66843501326,142.52103069344,2020-10-17T17:26:46.8078942,2020-10-17T17:26:46.8078942
"Ellipse",1039,68.749537023127,120.07442034405,251.25617053104,2020-10-17T17:26:47.3233583,2020-10-17T17:26:47.3233583
"Ellipse",1039,68.749537023127,102.73133762789,142.52709359606,2020-10-17T17:26:47.3233583,2020-10-17T17:26:47.3233583
"Ellipse",1040,68.749537023127,119.73036649215,253.42445774121,2020-10-17T17:26:47.8077947,2020-10-17T17:26:47.8077947
"Ellipse",1040,68.749537023127,102.76923076923,142.84729064039,2020-10-17T17:26:47.8077947,2020-10-17T17:26:47.8077947
"Ellipse",1041,68.749537023127,119.13799551234,254.37023186238,2020-10-17T17:26:48.3142510,2020-10-17T17:26:48.3142510
"Ellipse",1041,68.749537023127,102.78590375142,142.47555892384,2020-10-17T17:26:48.3142510,2020-10-17T17:26:48.3142510
"Ellipse",1042,68.749537023127,119.47830964847,253.23560209424,2020-10-17T17:26:48.8086968,2020-10-17T17:26:48.8086968
"Ellipse",1042,68.749537023127,102.83478590375,142.85979537704,2020-10-17T17:26:48.8086968,2020-10-17T17:26:48.8086968
"Ellipse",1043,68.749537023127,118.9315632012,252.40762902019,2020-10-17T17:26:49.3081519,2020-10-17T17:26:49.3081519
"Ellipse",1043,68.749537023127,102.83971201213,142.65214096249,2020-10-17T17:26:49.3081519,2020-10-17T17:26:49.3081519
"Ellipse",1044,68.749537023127,119.23261032162,251.50934928945,2020-10-17T17:26:49.8166088,2020-10-17T17:26:49.8166088
"Ellipse",1044,68.749537023127,102.62978400909,143.05115574081,2020-10-17T17:26:49.8166088,2020-10-17T17:26:49.8166088
"Ellipse",1045,68.749537023127,118.98728496634,252.82236350037,2020-10-17T17:26:50.3100537,2020-10-17T17:26:50.3100537
"Ellipse",1045,68.749537023127,102.71390678287,142.7400530504,2020-10-17T17:26:50.3100537,2020-10-17T17:26:50.3100537
"Ellipse",1046,68.749537023127,118.98354525056,253.62715033657,2020-10-17T17:26:50.8075006,2020-10-17T17:26:50.8075006
"Ellipse",1046,68.749537023127,102.88177339902,142.76960970064,2020-10-17T17:26:50.8075006,2020-10-17T17:26:50.8075006
"Ellipse",1047,68.749537023127,120.64672897196,259.36074766355,2020-10-17T17:26:51.3079514,2020-10-17T17:26:51.3079514
"Ellipse",1047,68.749537023127,102.9802955665,142.64190981432,2020-10-17T17:26:51.3079514,2020-10-17T17:26:51.3079514
"Ellipse",1048,68.749537023127,121.04112149533,258.25682242991,2020-10-17T17:26:51.8073982,2020-10-17T17:26:51.8073982
"Ellipse",1048,68.749537023127,102.73853732474,142.93292913983,2020-10-17T17:26:51.8073982,2020-10-17T17:26:51.8073982
"Ellipse",1049,68.749537023127,121.51551401869,257.1323364486,2020-10-17T17:26:52.3128530,2020-10-17T17:26:52.3128530
"Ellipse",1049,68.749537023127,102.70746494884,142.82341796135,2020-10-17T17:26:52.3128530,2020-10-17T17:26:52.3128530
"Ellipse",1050,68.749537023127,121.19663551402,257.10990654206,2020-10-17T17:26:52.8072991,2020-10-17T17:26:52.8072991
"Ellipse",1050,68.749537023127,102.81546040167,142.59264873058,2020-10-17T17:26:52.8072991,2020-10-17T17:26:52.8072991
"Ellipse",1051,68.749537023127,121.37046728972,255.4523364486,2020-10-17T17:26:53.3237644,2020-10-17T17:26:53.3237644
"Ellipse",1051,68.749537023127,102.67184539598,142.76127320955,2020-10-17T17:26:53.3237644,2020-10-17T17:26:53.3237644
"Ellipse",1052,68.749537023127,121.24261682243,255.6508411215,2020-10-17T17:26:53.8072000,2020-10-17T17:26:53.8072000
"Ellipse",1052,68.749537023127,102.67866616143,142.53467222433,2020-10-17T17:26:53.8072000,2020-10-17T17:26:53.8072000
"Ellipse",1053,68.749537023127,121.25196261682,255.42691588785,2020-10-17T17:26:54.3126554,2020-10-17T17:26:54.3126554
"Ellipse",1053,68.749537023127,102.63395225464,142.39067828723,2020-10-17T17:26:54.3126554,2020-10-17T17:26:54.3126554
"Ellipse",1054,68.749537023127,121.53607476636,255.54130841122,2020-10-17T17:26:54.8071008,2020-10-17T17:26:54.8071008
"Ellipse",1054,68.749537023127,102.76392572944,142.78287230011,2020-10-17T17:26:54.8071008,2020-10-17T17:26:54.8071008
"Ellipse",1055,68.749537023127,121.17345794393,254.92635514019,2020-10-17T17:26:55.3115553,2020-10-17T17:26:55.3115553
"Ellipse",1055,68.749537023127,102.74308450171,142.39295187571,2020-10-17T17:26:55.3115553,2020-10-17T17:26:55.3115553
"Ellipse",1056,68.749537023127,121.43364485981,254.41345794393,2020-10-17T17:26:55.8060008,2020-10-17T17:26:55.8060008
"Ellipse",1056,68.749537023127,102.7400530504,142.30920803335,2020-10-17T17:26:55.8060008,2020-10-17T17:26:55.8060008
"Ellipse",1057,68.749537023127,121.07327102804,255.57009345794,2020-10-17T17:26:56.3104553,2020-10-17T17:26:56.3104553
"Ellipse",1057,68.749537023127,102.69230769231,142.77946191739,2020-10-17T17:26:56.3104553,2020-10-17T17:26:56.3104553
"Ellipse",1058,68.749537023127,121.3353271028,255.00373831776,2020-10-17T17:26:56.8169161,2020-10-17T17:26:56.8169161
"Ellipse",1058,68.749537023127,102.72072754831,142.9010989011,2020-10-17T17:26:56.8169161,2020-10-17T17:26:56.8169161
"Ellipse",1059,68.749537023127,121.11177570094,255.37869158879,2020-10-17T17:26:57.3093566,2020-10-17T17:26:57.3093566
"Ellipse",1059,68.749537023127,102.67866616143,142.38499431603,2020-10-17T17:26:57.3093566,2020-10-17T17:26:57.3093566
"Ellipse",1060,68.749537023127,120.99663551402,255.08448598131,2020-10-17T17:26:57.8108100,2020-10-17T17:26:57.8108100
"Ellipse",1060,68.749537023127,102.80333459644,142.55551345207,2020-10-17T17:26:57.8108100,2020-10-17T17:26:57.8108100
"Ellipse",1061,68.749537023127,120.97420560748,255.35065420561,2020-10-17T17:26:58.3072582,2020-10-17T17:26:58.3072582
"Ellipse",1061,68.749537023127,102.55210306934,142.54338764684,2020-10-17T17:26:58.3072582,2020-10-17T17:26:58.3072582
"Ellipse",1062,68.749537023127,120.93121495327,255.45757009346,2020-10-17T17:26:58.8137106,2020-10-17T17:26:58.8137106
"Ellipse",1062,68.749537023127,102.70594922319,142.52330428193,2020-10-17T17:26:58.8137106,2020-10-17T17:26:58.8137106
"Ellipse",1063,68.749537023127,120.8,255.2523364486,2020-10-17T17:26:59.3201669,2020-10-17T17:26:59.3201669
"Ellipse",1063,68.749537023127,102.88821523304,142.78779840849,2020-10-17T17:26:59.3201669,2020-10-17T17:26:59.3201669
"Ellipse",1064,68.749537023127,121.01757009346,255.58205607477,2020-10-17T17:26:59.8076061,2020-10-17T17:26:59.8076061
"Ellipse",1064,68.749537023127,102.83933308071,142.63887836302,2020-10-17T17:26:59.8076061,2020-10-17T17:26:59.8076061
"Ellipse",1065,68.749537023127,120.71551401869,256.25906542056,2020-10-17T17:27:00.3070561,2020-10-17T17:27:00.3070561
"Ellipse",1065,68.749537023127,102.68056081849,142.36680560819,2020-10-17T17:27:00.3070561,2020-10-17T17:27:00.3070561
"Ellipse",1066,68.749537023127,120.60336448598,256.84336448598,2020-10-17T17:27:00.8075070,2020-10-17T17:27:00.8075070
"Ellipse",1066,68.749537023127,102.78969306556,142.74156877605,2020-10-17T17:27:00.8075070,2020-10-17T17:27:00.8075070
"Ellipse",1067,68.749537023127,120.31214953271,256.79514018692,2020-10-17T17:27:01.3069570,2020-10-17T17:27:01.3069570
"Ellipse",1067,68.749537023127,102.69306555514,142.63660477454,2020-10-17T17:27:01.3069570,2020-10-17T17:27:01.3069570
"Ellipse",1068,68.749537023127,120.74841121495,256.95476635514,2020-10-17T17:27:01.8094132,2020-10-17T17:27:01.8094132
"Ellipse",1068,68.749537023127,102.69003410383,142.66578249337,2020-10-17T17:27:01.8094132,2020-10-17T17:27:01.8094132
"Ellipse",1069,68.749537023127,120.12448598131,255.54654205608,2020-10-17T17:27:02.3198696,2020-10-17T17:27:02.3198696
"Ellipse",1069,68.749537023127,102.71087533157,142.42061386889,2020-10-17T17:27:02.3198696,2020-10-17T17:27:02.3198696
"Ellipse",1070,68.749537023127,120.91551401869,255.26392523365,2020-10-17T17:27:02.8073116,2020-10-17T17:27:02.8073116
"Ellipse",1070,68.749537023127,102.69268662372,142.75786282683,2020-10-17T17:27:02.8073116,2020-10-17T17:27:02.8073116
"Ellipse",1071,68.749537023127,120.3338317757,255.28336448598,2020-10-17T17:27:03.3157668,2020-10-17T17:27:03.3157668
"Ellipse",1071,68.749537023127,102.72792724517,142.59416445623,2020-10-17T17:27:03.3157668,2020-10-17T17:27:03.3157668
"Ellipse",1072,68.749537023127,120.64897196262,254.88112149533,2020-10-17T17:27:03.8102123,2020-10-17T17:27:03.8102123
"Ellipse",1072,68.749537023127,102.67032967033,142.24251610459,2020-10-17T17:27:03.8102123,2020-10-17T17:27:03.8102123
"Ellipse",1073,68.749537023127,120.52747663551,254.51364485981,2020-10-17T17:27:04.3156699,2020-10-17T17:27:04.3156699
"Ellipse",1073,68.749537023127,102.58848048503,142.72944297082,2020-10-17T17:27:04.3156699,2020-10-17T17:27:04.3156699
"Ellipse",1074,68.749537023127,120.48074766355,254.60672897196,2020-10-17T17:27:04.8221240,2020-10-17T17:27:04.8221240
"Ellipse",1074,68.749537023127,102.48237968928,142.32739674119,2020-10-17T17:27:04.8221240,2020-10-17T17:27:04.8221240
"Ellipse",1075,68.749537023127,120.51925233645,254.97009345794,2020-10-17T17:27:05.3075617,2020-10-17T17:27:05.3075617
"Ellipse",1075,68.749537023127,102.56688139447,142.22849564229,2020-10-17T17:27:05.3075617,2020-10-17T17:27:05.3075617
"Ellipse",1076,68.749537023127,120.84186915888,254.00598130841,2020-10-17T17:27:05.8190222,2020-10-17T17:27:05.8190222
"Ellipse",1076,68.749537023127,102.67866616143,142.50132625995,2020-10-17T17:27:05.8190222,2020-10-17T17:27:05.8190222
"Ellipse",1077,68.749537023127,120.80598130841,253.44299065421,2020-10-17T17:27:06.3074622,2020-10-17T17:27:06.3074622
"Ellipse",1077,68.749537023127,102.79840848806,142.34482758621,2020-10-17T17:27:06.3074622,2020-10-17T17:27:06.3074622
"Ellipse",1078,68.749537023127,120.64485981308,253.34654205608,2020-10-17T17:27:06.8079170,2020-10-17T17:27:06.8079170
"Ellipse",1078,68.749537023127,102.68776051535,142.33118605532,2020-10-17T17:27:06.8079170,2020-10-17T17:27:06.8079170
"Ellipse",1079,68.749537023127,120.27700934579,253.09271028037,2020-10-17T17:27:07.3073631,2020-10-17T17:27:07.3073631
"Ellipse",1079,68.749537023127,102.7938613111,142.40924592649,2020-10-17T17:27:07.3073631,2020-10-17T17:27:07.3073631
"Ellipse",1080,68.749537023127,120.64,252.62429906542,2020-10-17T17:27:07.8088149,2020-10-17T17:27:07.8088149
"Ellipse",1080,68.749537023127,102.57787040546,142.24933687003,2020-10-17T17:27:07.8088149,2020-10-17T17:27:07.8088149
"Ellipse",1081,68.749537023127,120.33420560748,254.43140186916,2020-10-17T17:27:08.3072656,2020-10-17T17:27:08.3072656
"Ellipse",1081,68.749537023127,102.62068965517,142.18832891247,2020-10-17T17:27:08.3072656,2020-10-17T17:27:08.3072656
"Ellipse",1082,68.749537023127,119.98093457944,255.20672897196,2020-10-17T17:27:08.8237338,2020-10-17T17:27:08.8237338
"Ellipse",1082,68.749537023127,102.72527472528,142.62106858659,2020-10-17T17:27:08.8237338,2020-10-17T17:27:08.8237338
"Ellipse",1083,68.749537023127,119.81682242991,255.60747663551,2020-10-17T17:27:09.3081722,2020-10-17T17:27:09.3081722
"Ellipse",1083,68.749537023127,102.84198560061,142.33383857522,2020-10-17T17:27:09.3081722,2020-10-17T17:27:09.3081722
"Ellipse",1084,68.749537023127,119.63439252336,254.94953271028,2020-10-17T17:27:09.8086301,2020-10-17T17:27:09.8086301
"Ellipse",1084,68.749537023127,102.63887836302,142.52065176203,2020-10-17T17:27:09.8086301,2020-10-17T17:27:09.8086301
"Ellipse",1085,68.749537023127,119.50579439252,255.74579439252,2020-10-17T17:27:10.3140746,2020-10-17T17:27:10.3140746
"Ellipse",1085,68.749537023127,102.62751042061,142.64948844259,2020-10-17T17:27:10.3140746,2020-10-17T17:27:10.3140746
"Ellipse",1086,68.749537023127,119.57196261682,255.0553271028,2020-10-17T17:27:10.8085175,2020-10-17T17:27:10.8085175
"Ellipse",1086,68.749537023127,102.74270557029,142.50738916256,2020-10-17T17:27:10.8085175,2020-10-17T17:27:10.8085175
"Ellipse",1087,68.749537023127,119.73121495327,253.90317757009,2020-10-17T17:27:11.3069714,2020-10-17T17:27:11.3069714
"Ellipse",1087,68.749537023127,102.57446002274,142.7374005305,2020-10-17T17:27:11.3069714,2020-10-17T17:27:11.3069714
"Ellipse",1088,68.749537023127,119.61196261682,255.10803738318,2020-10-17T17:27:11.8104205,2020-10-17T17:27:11.8104205
"Ellipse",1088,68.749537023127,102.76582038651,142.3728685108,2020-10-17T17:27:11.8104205,2020-10-17T17:27:11.8104205
"Ellipse",1089,68.749537023127,119.60261682243,254.2153271028,2020-10-17T17:27:12.3078735,2020-10-17T17:27:12.3078735
"Ellipse",1089,68.749537023127,102.63129973475,142.82152330428,2020-10-17T17:27:12.3078735,2020-10-17T17:27:12.3078735
"Ellipse",1090,68.749537023127,119.50579439252,253.30691588785,2020-10-17T17:27:12.8083199,2020-10-17T17:27:12.8083199
"Ellipse",1090,68.749537023127,102.73550587344,142.71163319439,2020-10-17T17:27:12.8083199,2020-10-17T17:27:12.8083199
"Ellipse",1091,68.749537023127,119.88785046729,252.37158878505,2020-10-17T17:27:13.3227828,2020-10-17T17:27:13.3227828
"Ellipse",1091,68.749537023127,102.71996968549,142.57673361122,2020-10-17T17:27:13.3227828,2020-10-17T17:27:13.3227828
"Ellipse",1092,68.749537023127,120.10953271028,252.29009345794,2020-10-17T17:27:13.8152316,2020-10-17T17:27:13.8152316
"Ellipse",1092,68.749537023127,102.81280788177,142.48957938613,2020-10-17T17:27:13.8152316,2020-10-17T17:27:13.8152316
"Ellipse",1093,68.749537023127,119.84560747664,251.85271028037,2020-10-17T17:27:14.3076701,2020-10-17T17:27:14.3076701
"Ellipse",1093,68.749537023127,102.54641909814,142.8332701781,2020-10-17T17:27:14.3076701,2020-10-17T17:27:14.3076701
"Ellipse",1094,68.749537023127,119.63626168224,251.20336448598,2020-10-17T17:27:14.8071201,2020-10-17T17:27:14.8071201
"Ellipse",1094,68.749537023127,102.72300113679,142.42061386889,2020-10-17T17:27:14.8071201,2020-10-17T17:27:14.8071201
"Ellipse",1095,68.749537023127,119.85794392523,250.13495327103,2020-10-17T17:27:15.3105737,2020-10-17T17:27:15.3105737
"Ellipse",1095,68.749537023127,102.58734369079,142.70557029178,2020-10-17T17:27:15.3105737,2020-10-17T17:27:15.3105737
"Ellipse",1096,68.749537023127,119.81794392523,250.07065420561,2020-10-17T17:27:15.8070210,2020-10-17T17:27:15.8070210
"Ellipse",1096,68.749537023127,102.68738158393,142.46873815839,2020-10-17T17:27:15.8070210,2020-10-17T17:27:15.8070210
"Ellipse",1097,68.749537023127,120.11028037383,250.54168224299,2020-10-17T17:27:16.3074718,2020-10-17T17:27:16.3074718
"Ellipse",1097,68.749537023127,102.64077302008,142.49109511179,2020-10-17T17:27:16.3074718,2020-10-17T17:27:16.3074718
"Ellipse",1098,68.749537023127,119.86168224299,249.92112149533,2020-10-17T17:27:16.8069231,2020-10-17T17:27:16.8069231
"Ellipse",1098,68.749537023127,102.67032967033,142.33914361501,2020-10-17T17:27:16.8069231,2020-10-17T17:27:16.8069231
"Ellipse",1099,68.749537023127,119.77719626168,249.29420560748,2020-10-17T17:27:17.3073727,2020-10-17T17:27:17.3073727
"Ellipse",1099,68.749537023127,102.63812050019,142.51004168246,2020-10-17T17:27:17.3073727,2020-10-17T17:27:17.3073727
"Ellipse",1100,68.749537023127,119.84822429907,250.11775700935,2020-10-17T17:27:17.8068282,2020-10-17T17:27:17.8068282
"Ellipse",1100,68.749537023127,102.82076544146,142.43160287988,2020-10-17T17:27:17.8068282,2020-10-17T17:27:17.8068282
"Ellipse",1101,68.749537023127,120.03065420561,248.67813084112,2020-10-17T17:27:18.3072733,2020-10-17T17:27:18.3072733
"Ellipse",1101,68.749537023127,102.53770367564,142.29594543388,2020-10-17T17:27:18.3072733,2020-10-17T17:27:18.3072733
"Ellipse",1102,68.749537023127,119.52037383178,249.59626168224,2020-10-17T17:27:18.8187344,2020-10-17T17:27:18.8187344
"Ellipse",1102,68.749537023127,102.69041303524,142.46949602122,2020-10-17T17:27:18.8187344,2020-10-17T17:27:18.8187344
"Ellipse",1103,68.749537023127,119.74242990654,248.87214953271,2020-10-17T17:27:19.3071745,2020-10-17T17:27:19.3071745
"Ellipse",1103,68.749537023127,102.55968169761,142.31148162183,2020-10-17T17:27:19.3071745,2020-10-17T17:27:19.3071745
"Ellipse",1104,68.749537023127,119.30990654206,247.9861682243,2020-10-17T17:27:19.8226389,2020-10-17T17:27:19.8226389
"Ellipse",1104,68.749537023127,102.66805608185,142.14172034862,2020-10-17T17:27:19.8226389,2020-10-17T17:27:19.8226389
"Ellipse",1105,68.749537023127,119.37719626168,248.63813084112,2020-10-17T17:27:20.3080794,2020-10-17T17:27:20.3080794
"Ellipse",1105,68.749537023127,102.7400530504,142.4122773778,2020-10-17T17:27:20.3080794,2020-10-17T17:27:20.3080794
"Ellipse",1106,68.749537023127,119.08859813084,250.68,2020-10-17T17:27:20.8135316,2020-10-17T17:27:20.8135316
"Ellipse",1106,68.749537023127,102.60780598712,141.99545282304,2020-10-17T17:27:20.8135316,2020-10-17T17:27:20.8135316
"Ellipse",1107,68.749537023127,118.63962616822,251.06056074766,2020-10-17T17:27:21.3089780,2020-10-17T17:27:21.3089780
"Ellipse",1107,68.749537023127,102.72148541114,142.29215611974,2020-10-17T17:27:21.3089780,2020-10-17T17:27:21.3089780
"Ellipse",1108,68.749537023127,118.99028037383,250.67514018692,2020-10-17T17:27:21.8074284,2020-10-17T17:27:21.8074284
"Ellipse",1108,68.749537023127,102.71201212581,142.17847669572,2020-10-17T17:27:21.8074284,2020-10-17T17:27:21.8074284
"Ellipse",1109,68.749537023127,118.7723364486,248.98280373832,2020-10-17T17:27:22.3108826,2020-10-17T17:27:22.3108826
"Ellipse",1109,68.749537023127,102.72679045093,142.29973474801,2020-10-17T17:27:22.3108826,2020-10-17T17:27:22.3108826
"Ellipse",1110,68.749537023127,118.93644859813,247.71401869159,2020-10-17T17:27:22.8193391,2020-10-17T17:27:22.8193391
"Ellipse",1110,68.749537023127,102.7343690792,142.1015536188,2020-10-17T17:27:22.8193391,2020-10-17T17:27:22.8193391
"Ellipse",1111,68.749537023127,119.05644859813,247.72635514019,2020-10-17T17:27:23.3087820,2020-10-17T17:27:23.3087820
"Ellipse",1111,68.749537023127,102.54376657825,142.42326638878,2020-10-17T17:27:23.3087820,2020-10-17T17:27:23.3087820
"Ellipse",1112,68.749537023127,120.81315396114,255.52914798206,2020-10-17T17:27:23.8072311,2020-10-17T17:27:23.8072311
"Ellipse",1112,68.749537023127,102.86244789693,142.06290261463,2020-10-17T17:27:23.8072311,2020-10-17T17:27:23.8072311
"Ellipse",1113,68.749537023127,120.94843049327,254.73617339312,2020-10-17T17:27:24.3206937,2020-10-17T17:27:24.3206937
"Ellipse",1113,68.749537023127,102.5903751421,142.51383099659,2020-10-17T17:27:24.3206937,2020-10-17T17:27:24.3206937
"Ellipse",1114,68.749537023127,120.85837070254,255.63303437967,2020-10-17T17:27:24.8071310,2020-10-17T17:27:24.8071310
"Ellipse",1114,68.749537023127,102.65744600227,142.32398635847,2020-10-17T17:27:24.8071310,2020-10-17T17:27:24.8071310
"Ellipse",1115,68.749537023127,120.82698056801,257.32997010463,2020-10-17T17:27:25.3105884,2020-10-17T17:27:25.3105884
"Ellipse",1115,68.749537023127,102.57294429708,142.34861690034,2020-10-17T17:27:25.3105884,2020-10-17T17:27:25.3105884
"Ellipse",1116,68.749537023127,120.58109118087,256.23878923767,2020-10-17T17:27:25.8070335,2020-10-17T17:27:25.8070335
"Ellipse",1116,68.749537023127,102.64645699129,142.24024251611,2020-10-17T17:27:25.8070335,2020-10-17T17:27:25.8070335
"Ellipse",1117,68.749537023127,120.63116591928,256.50896860987,2020-10-17T17:27:26.3084817,2020-10-17T17:27:26.3084817
"Ellipse",1117,68.749537023127,102.47517999242,142.21902235695,2020-10-17T17:27:26.3084817,2020-10-17T17:27:26.3084817
"Ellipse",1118,68.749537023127,120.78886397608,255.24850523169,2020-10-17T17:27:26.8139378,2020-10-17T17:27:26.8139378
"Ellipse",1118,68.749537023127,102.69117089807,142.31564986737,2020-10-17T17:27:26.8139378,2020-10-17T17:27:26.8139378
"Ellipse",1119,68.749537023127,120.83781763827,254.25298953662,2020-10-17T17:27:27.3083832,2020-10-17T17:27:27.3083832
"Ellipse",1119,68.749537023127,102.77036756347,142.16407730201,2020-10-17T17:27:27.3083832,2020-10-17T17:27:27.3083832
"Ellipse",1120,68.749537023127,120.94730941704,254.43572496263,2020-10-17T17:27:27.8078348,2020-10-17T17:27:27.8078348
"Ellipse",1120,68.749537023127,102.58582796514,142.41909814324,2020-10-17T17:27:27.8078348,2020-10-17T17:27:27.8078348
"Ellipse",1121,68.749537023127,120.93572496263,254.44357249626,2020-10-17T17:27:28.3082876,2020-10-17T17:27:28.3082876
"Ellipse",1121,68.749537023127,102.64721485411,141.91701402046,2020-10-17T17:27:28.3082876,2020-10-17T17:27:28.3082876
"Ellipse",1122,68.749537023127,121.1476083707,255.09080717489,2020-10-17T17:27:28.8227476,2020-10-17T17:27:28.8227476
"Ellipse",1122,68.749537023127,102.54566123532,142.33383857522,2020-10-17T17:27:28.8227476,2020-10-17T17:27:28.8227476
"Ellipse",1123,68.749537023127,120.85351270553,254.33594917788,2020-10-17T17:27:29.3071841,2020-10-17T17:27:29.3071841
"Ellipse",1123,68.749537023127,102.66009852217,142.34331186055,2020-10-17T17:27:29.3071841,2020-10-17T17:27:29.3071841
"Ellipse",1124,68.749537023127,120.83744394619,254.25186846039,2020-10-17T17:27:29.8076350,2020-10-17T17:27:29.8076350
"Ellipse",1124,68.749537023127,102.66919287609,142.43349753695,2020-10-17T17:27:29.8076350,2020-10-17T17:27:29.8076350
"Ellipse",1125,68.749537023127,120.65284005979,254.80605381166,2020-10-17T17:27:30.3140916,2020-10-17T17:27:30.3140916
"Ellipse",1125,68.749537023127,102.68283440697,142.08033345964,2020-10-17T17:27:30.3140916,2020-10-17T17:27:30.3140916
"Ellipse",1126,68.749537023127,120.75149476831,253.86285500747,2020-10-17T17:27:30.8085367,2020-10-17T17:27:30.8085367
"Ellipse",1126,68.749537023127,102.64153088291,142.28419856006,2020-10-17T17:27:30.8085367,2020-10-17T17:27:30.8085367
"Ellipse",1127,68.749537023127,120.62668161435,254.41479820628,2020-10-17T17:27:31.3079861,2020-10-17T17:27:31.3079861
"Ellipse",1127,68.749537023127,102.61424782114,142.65365668814,2020-10-17T17:27:31.3079861,2020-10-17T17:27:31.3079861
"Ellipse",1128,68.749537023127,120.72085201794,254.34641255605,2020-10-17T17:27:31.8074367,2020-10-17T17:27:31.8074367
"Ellipse",1128,68.749537023127,102.81962864722,141.74838954149,2020-10-17T17:27:31.8074367,2020-10-17T17:27:31.8074367
"Ellipse",1129,68.749537023127,120.69730941704,254.9076980568,2020-10-17T17:27:32.3098894,2020-10-17T17:27:32.3098894
"Ellipse",1129,68.749537023127,102.76923076923,142.31868131868,2020-10-17T17:27:32.3098894,2020-10-17T17:27:32.3098894
"Ellipse",1130,68.749537023127,120.77167414051,255.15470852018,2020-10-17T17:27:32.8073376,2020-10-17T17:27:32.8073376
"Ellipse",1130,68.749537023127,102.88669950739,142.15687760515,2020-10-17T17:27:32.8073376,2020-10-17T17:27:32.8073376
"Ellipse",1131,68.749537023127,120.70814648729,254.92077727952,2020-10-17T17:27:33.3167966,2020-10-17T17:27:33.3167966
"Ellipse",1131,68.749537023127,102.58885941645,142.46115953013,2020-10-17T17:27:33.3167966,2020-10-17T17:27:33.3167966
"Ellipse",1132,68.749537023127,120.53961136024,254.65358744395,2020-10-17T17:27:33.8112421,2020-10-17T17:27:33.8112421
"Ellipse",1132,68.749537023127,102.68018188708,141.83175445244,2020-10-17T17:27:33.8112421,2020-10-17T17:27:33.8112421
"Ellipse",1133,68.749537023127,120.38340807175,254.97159940209,2020-10-17T17:27:34.3187044,2020-10-17T17:27:34.3187044
"Ellipse",1133,68.749537023127,102.5282303903,142.14361500568,2020-10-17T17:27:34.3187044,2020-10-17T17:27:34.3187044
"Ellipse",1134,68.749537023127,120.92152466368,254.87556053812,2020-10-17T17:27:34.8071448,2020-10-17T17:27:34.8071448
"Ellipse",1134,68.749537023127,102.68056081849,142.28874573702,2020-10-17T17:27:34.8071448,2020-10-17T17:27:34.8071448
"Ellipse",1135,68.749537023127,120.60500747384,254.50298953662,2020-10-17T17:27:35.3105958,2020-10-17T17:27:35.3105958
"Ellipse",1135,68.749537023127,102.6525198939,142.33724895794,2020-10-17T17:27:35.3105958,2020-10-17T17:27:35.3105958
"Ellipse",1136,68.749537023127,120.60650224215,255.17152466368,2020-10-17T17:27:35.8070434,2020-10-17T17:27:35.8070434
"Ellipse",1136,68.749537023127,102.58090185676,142.44979158772,2020-10-17T17:27:35.8070434,2020-10-17T17:27:35.8070434
"Ellipse",1137,68.749537023127,120.49289985052,254.66405082212,2020-10-17T17:27:36.3074943,2020-10-17T17:27:36.3074943
"Ellipse",1137,68.749537023127,102.62902614627,141.71542250853,2020-10-17T17:27:36.3074943,2020-10-17T17:27:36.3074943
"Ellipse",1138,68.749537023127,120.64910313901,254.63340807175,2020-10-17T17:27:36.8069436,2020-10-17T17:27:36.8069436
"Ellipse",1138,68.749537023127,102.74043198181,141.99962106859,2020-10-17T17:27:36.8069436,2020-10-17T17:27:36.8069436
"Ellipse",1139,68.749537023127,120.57473841555,253.87780269058,2020-10-17T17:27:37.3103947,2020-10-17T17:27:37.3103947
"Ellipse",1139,68.749537023127,102.72716938234,142.13224706328,2020-10-17T17:27:37.3103947,2020-10-17T17:27:37.3103947
"Ellipse",1140,68.749537023127,120.58707025411,254.14872944694,2020-10-17T17:27:37.8078429,2020-10-17T17:27:37.8078429
"Ellipse",1140,68.749537023127,102.69306555514,142.24744221296,2020-10-17T17:27:37.8078429,2020-10-17T17:27:37.8078429
"Ellipse",1141,68.749537023127,120.63863976084,253.85874439462,2020-10-17T17:27:38.3073005,2020-10-17T17:27:38.3073005
"Ellipse",1141,68.749537023127,102.66237211065,142.29708222812,2020-10-17T17:27:38.3073005,2020-10-17T17:27:38.3073005
"Ellipse",1142,68.749537023127,120.82698056801,253.1644245142,2020-10-17T17:27:38.8217596,2020-10-17T17:27:38.8217596
"Ellipse",1142,68.749537023127,102.59189086775,142.08033345964,2020-10-17T17:27:38.8217596,2020-10-17T17:27:38.8217596
"Ellipse",1143,68.749537023127,120.76083707025,254.0855754858,2020-10-17T17:27:39.3061947,2020-10-17T17:27:39.3061947
"Ellipse",1143,68.749537023127,102.73815839333,141.90943539219,2020-10-17T17:27:39.3061947,2020-10-17T17:27:39.3061947
"Ellipse",1144,68.749537023127,120.44506726457,253.37518684604,2020-10-17T17:27:39.8106479,2020-10-17T17:27:39.8106479
"Ellipse",1144,68.749537023127,102.56271314892,142.02008336491,2020-10-17T17:27:39.8106479,2020-10-17T17:27:39.8106479
"Ellipse",1145,68.749537023127,120.43759342302,254.12593423019,2020-10-17T17:27:40.3070952,2020-10-17T17:27:40.3070952
"Ellipse",1145,68.749537023127,102.61690034104,142.20575975748,2020-10-17T17:27:40.3070952,2020-10-17T17:27:40.3070952
"Ellipse",1146,68.749537023127,120.52578475336,254.82735426009,2020-10-17T17:27:40.8125500,2020-10-17T17:27:40.8125500
"Ellipse",1146,68.749537023127,102.62182644941,141.88594164456,2020-10-17T17:27:40.8125500,2020-10-17T17:27:40.8125500
"Ellipse",1147,68.749537023127,120.42227204783,254.09080717489,2020-10-17T17:27:41.3180054,2020-10-17T17:27:41.3180054
"Ellipse",1147,68.749537023127,102.68018188708,142.05153467222,2020-10-17T17:27:41.3180054,2020-10-17T17:27:41.3180054
"Ellipse",1148,68.749537023127,120.77391629298,253.32623318386,2020-10-17T17:27:41.8104490,2020-10-17T17:27:41.8104490
"Ellipse",1148,68.749537023127,102.69041303524,142.09132247063,2020-10-17T17:27:41.8104490,2020-10-17T17:27:41.8104490
"Ellipse",1149,68.749537023127,120.5855754858,253.52130044843,2020-10-17T17:27:42.3078966,2020-10-17T17:27:42.3078966
"Ellipse",1149,68.749537023127,102.81015536188,141.87722622205,2020-10-17T17:27:42.3078966,2020-10-17T17:27:42.3078966
"Ellipse",1150,68.749537023127,120.427877429,255.13191330344,2020-10-17T17:27:42.8083526,2020-10-17T17:27:42.8083526
"Ellipse",1150,68.749537023127,102.53770367564,142.08942781357,2020-10-17T17:27:42.8083526,2020-10-17T17:27:42.8083526
"Ellipse",1151,68.749537023127,120.17301943199,256.78437967115,2020-10-17T17:27:43.3077978,2020-10-17T17:27:43.3077978
"Ellipse",1151,68.749537023127,102.82607048124,142.04206138689,2020-10-17T17:27:43.3077978,2020-10-17T17:27:43.3077978
"Ellipse",1152,68.749537023127,119.9009715994,257.63191330344,2020-10-17T17:27:43.8082490,2020-10-17T17:27:43.8082490
"Ellipse",1152,68.749537023127,102.69154982948,142.31034482759,2020-10-17T17:27:43.8082490,2020-10-17T17:27:43.8082490
"Ellipse",1153,68.749537023127,119.84603886398,257.4009715994,2020-10-17T17:27:44.3137092,2020-10-17T17:27:44.3137092
"Ellipse",1153,68.749537023127,102.66426676772,141.73967411898,2020-10-17T17:27:44.3137092,2020-10-17T17:27:44.3137092
"Ellipse",1154,68.749537023127,119.73019431988,256.8187593423,2020-10-17T17:27:44.8101520,2020-10-17T17:27:44.8101520
"Ellipse",1154,68.749537023127,102.57749147404,142.11443728685,2020-10-17T17:27:44.8101520,2020-10-17T17:27:44.8101520
"Ellipse",1155,68.749537023127,120.0586696562,255.83781763827,2020-10-17T17:27:45.3116035,2020-10-17T17:27:45.3116035
"Ellipse",1155,68.749537023127,102.68169761273,142.04395604396,2020-10-17T17:27:45.3116035,2020-10-17T17:27:45.3116035
"Ellipse",1156,68.749537023127,120.03961136024,255.91330343797,2020-10-17T17:27:45.8080530,2020-10-17T17:27:45.8080530
"Ellipse",1156,68.749537023127,102.77226222054,141.92838196287,2020-10-17T17:27:45.8080530,2020-10-17T17:27:45.8080530
"Ellipse",1157,68.749537023127,120.43086696562,254.62331838565,2020-10-17T17:27:46.3065043,2020-10-17T17:27:46.3065043
"Ellipse",1157,68.749537023127,102.55058734369,141.75672603259,2020-10-17T17:27:46.3065043,2020-10-17T17:27:46.3065043
"Ellipse",1158,68.749537023127,120.4009715994,255.16479820628,2020-10-17T17:27:46.8099592,2020-10-17T17:27:46.8099592
"Ellipse",1158,68.749537023127,102.68283440697,141.72413793103,2020-10-17T17:27:46.8099592,2020-10-17T17:27:46.8099592
"Ellipse",1159,68.749537023127,120.10799701046,254.26382660688,2020-10-17T17:27:47.3074016,2020-10-17T17:27:47.3074016
"Ellipse",1159,68.749537023127,102.56422887457,141.78590375142,2020-10-17T17:27:47.3074016,2020-10-17T17:27:47.3074016
"Ellipse",1160,68.749537023127,120.07249626308,254.65919282511,2020-10-17T17:27:47.8138579,2020-10-17T17:27:47.8138579
"Ellipse",1160,68.749537023127,102.64266767715,141.7146646457,2020-10-17T17:27:47.8138579,2020-10-17T17:27:47.8138579
"Ellipse",1161,68.749537023127,120.07698056801,254.34379671151,2020-10-17T17:27:48.3083027,2020-10-17T17:27:48.3083027
"Ellipse",1161,68.749537023127,102.58128078818,141.88783630163,2020-10-17T17:27:48.3083027,2020-10-17T17:27:48.3083027
"Ellipse",1162,68.749537023127,120.24364723468,254.42189835576,2020-10-17T17:27:48.8207648,2020-10-17T17:27:48.8207648
"Ellipse",1162,68.749537023127,102.66919287609,141.99734748011,2020-10-17T17:27:48.8207648,2020-10-17T17:27:48.8207648
"Ellipse",1163,68.749537023127,120.27727952167,252.88789237668,2020-10-17T17:27:49.3072062,2020-10-17T17:27:49.3072062
"Ellipse",1163,68.749537023127,102.74801061008,141.93747631679,2020-10-17T17:27:49.3072062,2020-10-17T17:27:49.3072062
"Ellipse",1164,68.749537023127,120.38639760837,253.67301943199,2020-10-17T17:27:49.8126587,2020-10-17T17:27:49.8126587
"Ellipse",1164,68.749537023127,102.74876847291,142.23417961349,2020-10-17T17:27:49.8126587,2020-10-17T17:27:49.8126587
"Ellipse",1165,68.749537023127,120.5235426009,253.33744394619,2020-10-17T17:27:50.3071042,2020-10-17T17:27:50.3071042
"Ellipse",1165,68.749537023127,102.68321333839,141.90754073513,2020-10-17T17:27:50.3071042,2020-10-17T17:27:50.3071042
"Ellipse",1166,68.749537023127,120.47047832586,252.93049327354,2020-10-17T17:27:50.8095640,2020-10-17T17:27:50.8095640
"Ellipse",1166,68.749537023127,102.54755589238,141.9859795377,2020-10-17T17:27:50.8095640,2020-10-17T17:27:50.8095640
"Ellipse",1167,68.749537023127,120.26307922272,252.72384155456,2020-10-17T17:27:51.3110125,2020-10-17T17:27:51.3110125
"Ellipse",1167,68.749537023127,102.53808260705,141.89200454718,2020-10-17T17:27:51.3110125,2020-10-17T17:27:51.3110125
"Ellipse",1168,68.749537023127,120.4379671151,253.02765321375,2020-10-17T17:27:51.8074576,2020-10-17T17:27:51.8074576
"Ellipse",1168,68.749537023127,102.67487684729,141.91360363774,2020-10-17T17:27:51.8074576,2020-10-17T17:27:51.8074576
"Ellipse",1169,68.749537023127,120.29820627803,253.0653961136,2020-10-17T17:27:52.3069101,2020-10-17T17:27:52.3069101
"Ellipse",1169,68.749537023127,102.64190981432,142.1015536188,2020-10-17T17:27:52.3069101,2020-10-17T17:27:52.3069101
"Ellipse",1170,68.749537023127,120.29857997011,253.89536621824,2020-10-17T17:27:52.8073568,2020-10-17T17:27:52.8073568
"Ellipse",1170,68.749537023127,102.63471011747,141.89048882152,2020-10-17T17:27:52.8073568,2020-10-17T17:27:52.8073568
"Ellipse",1171,68.749537023127,120.21562032885,254.63639760837,2020-10-17T17:27:53.3078077,2020-10-17T17:27:53.3078077
"Ellipse",1171,68.749537023127,102.76013641531,141.86585827965,2020-10-17T17:27:53.3078077,2020-10-17T17:27:53.3078077
"Ellipse",1172,68.749537023127,120.28139013453,253.69544095665,2020-10-17T17:27:53.8072577,2020-10-17T17:27:53.8072577
"Ellipse",1172,68.749537023127,102.73512694202,141.80901856764,2020-10-17T17:27:53.8072577,2020-10-17T17:27:53.8072577
"Ellipse",1173,68.749537023127,120.3976083707,252.83183856502,2020-10-17T17:27:54.3157158,2020-10-17T17:27:54.3157158
"Ellipse",1173,68.749537023127,102.73323228496,141.81773399015,2020-10-17T17:27:54.3157158,2020-10-17T17:27:54.3157158
"Ellipse",1174,68.749537023127,120.2769058296,253.02727952167,2020-10-17T17:27:54.8091604,2020-10-17T17:27:54.8091604
"Ellipse",1174,68.749537023127,102.5733232285,142.03524062145,2020-10-17T17:27:54.8091604,2020-10-17T17:27:54.8091604
"Ellipse",1175,68.749537023127,120.05605381166,253.17974588939,2020-10-17T17:27:55.3096113,2020-10-17T17:27:55.3096113
"Ellipse",1175,68.749537023127,102.66691928761,142.05115574081,2020-10-17T17:27:55.3096113,2020-10-17T17:27:55.3096113
"Ellipse",1176,68.749537023127,120.03662182362,254.74551569507,2020-10-17T17:27:55.8070607,2020-10-17T17:27:55.8070607
"Ellipse",1176,68.749537023127,102.6354679803,141.45850701023,2020-10-17T17:27:55.8070607,2020-10-17T17:27:55.8070607
"Ellipse",1177,68.749537023127,119.56913303438,256.0302690583,2020-10-17T17:27:56.3085132,2020-10-17T17:27:56.3085132
"Ellipse",1177,68.749537023127,102.59454338765,141.52406214475,2020-10-17T17:27:56.3085132,2020-10-17T17:27:56.3085132
"Ellipse",1178,68.749537023127,119.29334828102,257.105754858,2020-10-17T17:27:56.8059623,2020-10-17T17:27:56.8059623
"Ellipse",1178,68.749537023127,102.70784388026,142.4660856385,2020-10-17T17:27:56.8059623,2020-10-17T17:27:56.8059623
"Ellipse",1179,68.749537023127,119.09753363229,259.2869955157,2020-10-17T17:27:57.3234295,2020-10-17T17:27:57.3234295
"Ellipse",1179,68.749537023127,102.59795377037,142.1129215612,2020-10-17T17:27:57.3234295,2020-10-17T17:27:57.3234295
"Ellipse",1180,68.749537023127,118.99177877429,259.56913303438,2020-10-17T17:27:57.8068660,2020-10-17T17:27:57.8068660
"Ellipse",1180,68.749537023127,102.64645699129,142.19590754074,2020-10-17T17:27:57.8068660,2020-10-17T17:27:57.8068660
"Ellipse",1181,68.749537023127,119.21001494768,257.18273542601,2020-10-17T17:27:58.3083172,2020-10-17T17:27:58.3083172
"Ellipse",1181,68.749537023127,102.49261083744,141.74801061008,2020-10-17T17:27:58.3083172,2020-10-17T17:27:58.3083172
"Ellipse",1182,68.749537023127,119.47122571002,256.17750373692,2020-10-17T17:27:58.8187755,2020-10-17T17:27:58.8187755
"Ellipse",1182,68.749537023127,102.69571807503,142.0113679424,2020-10-17T17:27:58.8187755,2020-10-17T17:27:58.8187755
"Ellipse",1183,68.749537023127,119.57025411061,254.6225710015,2020-10-17T17:27:59.3082129,2020-10-17T17:27:59.3082129
"Ellipse",1183,68.749537023127,102.78514588859,142.1864342554,2020-10-17T17:27:59.3082129,2020-10-17T17:27:59.3082129
"Ellipse",1184,68.749537023127,119.57399103139,254.7466367713,2020-10-17T17:27:59.8186738,2020-10-17T17:27:59.8186738
"Ellipse",1184,68.749537023127,102.67828723001,141.86244789693,2020-10-17T17:27:59.8186738,2020-10-17T17:27:59.8186738
"Ellipse",1185,68.749537023127,119.78624813154,254.16180866966,2020-10-17T17:28:00.3081163,2020-10-17T17:28:00.3081163
"Ellipse",1185,68.749537023127,102.57370215991,142.17923455855,2020-10-17T17:28:00.3081163,2020-10-17T17:28:00.3081163
"Ellipse",1186,68.749537023127,119.92264573991,253.75710014948,2020-10-17T17:28:00.8065670,2020-10-17T17:28:00.8065670
"Ellipse",1186,68.749537023127,102.57711254263,142.07995452823,2020-10-17T17:28:00.8065670,2020-10-17T17:28:00.8065670
"Ellipse",1187,68.749537023127,119.86210762332,252.28961136024,2020-10-17T17:28:01.3120183,2020-10-17T17:28:01.3120183
"Ellipse",1187,68.749537023127,102.54073512694,142.19249715801,2020-10-17T17:28:01.3120183,2020-10-17T17:28:01.3120183
"Ellipse",1188,68.749537023127,120.08781763827,252.39461883408,2020-10-17T17:28:01.8064647,2020-10-17T17:28:01.8064647
"Ellipse",1188,68.749537023127,102.55437665783,142.43918150815,2020-10-17T17:28:01.8064647,2020-10-17T17:28:01.8064647
"Ellipse",1189,68.749537023127,120.06502242153,251.9798206278,2020-10-17T17:28:02.3129213,2020-10-17T17:28:02.3129213
"Ellipse",1189,68.749537023127,102.60022735885,142.03448275862,2020-10-17T17:28:02.3129213,2020-10-17T17:28:02.3129213
"Ellipse",1190,68.749537023127,120.86547085202,254.87892376682,2020-10-17T17:28:02.8203865,2020-10-17T17:28:02.8203865
"Ellipse",1190,68.749537023127,102.71542250853,141.79765062524,2020-10-17T17:28:02.8203865,2020-10-17T17:28:02.8203865
"Ellipse",1191,68.749537023127,120.87219730942,255.13116591928,2020-10-17T17:28:03.3148266,2020-10-17T17:28:03.3148266
"Ellipse",1191,68.749537023127,102.63243652899,142.33383857522,2020-10-17T17:28:03.3148266,2020-10-17T17:28:03.3148266
"Ellipse",1192,68.749537023127,120.37032884903,255.96412556054,2020-10-17T17:28:03.8182773,2020-10-17T17:28:03.8182773
"Ellipse",1192,68.749537023127,102.54641909814,141.79272451686,2020-10-17T17:28:03.8182773,2020-10-17T17:28:03.8182773
"Ellipse",1193,68.749537023127,120.82959641256,254.85313901345,2020-10-17T17:28:04.3237327,2020-10-17T17:28:04.3237327
"Ellipse",1193,68.749537023127,102.50018946571,141.864342554,2020-10-17T17:28:04.3237327,2020-10-17T17:28:04.3237327
"Ellipse",1194,68.749537023127,120.87668161435,254.12182361734,2020-10-17T17:28:04.8061673,2020-10-17T17:28:04.8061673
"Ellipse",1194,68.749537023127,102.59151193634,142.3812050019,2020-10-17T17:28:04.8061673,2020-10-17T17:28:04.8061673
"Ellipse",1195,68.749537023127,120.73579970105,254.4211509716,2020-10-17T17:28:05.3106215,2020-10-17T17:28:05.3106215
"Ellipse",1195,68.749537023127,102.72148541114,141.57824933687,2020-10-17T17:28:05.3106215,2020-10-17T17:28:05.3106215
"Ellipse",1196,68.749537023127,120.48729446936,255.15059790732,2020-10-17T17:28:05.8110720,2020-10-17T17:28:05.8110720
"Ellipse",1196,68.749537023127,102.70291777188,142.04736642668,2020-10-17T17:28:05.8110720,2020-10-17T17:28:05.8110720
"Ellipse",1197,68.749537023127,120.57062780269,255.13153961136,2020-10-17T17:28:06.3085218,2020-10-17T17:28:06.3085218
"Ellipse",1197,68.749537023127,102.50966275104,141.95035998484,2020-10-17T17:28:06.3085218,2020-10-17T17:28:06.3085218
"Ellipse",1198,68.749537023127,120.66479820628,254.36509715994,2020-10-17T17:28:06.8139782,2020-10-17T17:28:06.8139782
"Ellipse",1198,68.749537023127,102.68131868132,141.89882531262,2020-10-17T17:28:06.8139782,2020-10-17T17:28:06.8139782
"Ellipse",1199,68.749537023127,120.83856502242,254.63602391629,2020-10-17T17:28:07.3094226,2020-10-17T17:28:07.3094226
"Ellipse",1199,68.749537023127,102.53732474422,142.01098901099,2020-10-17T17:28:07.3094226,2020-10-17T17:28:07.3094226
"Ellipse",1200,68.749537023127,120.89387144993,254.42189835576,2020-10-17T17:28:07.8088733,2020-10-17T17:28:07.8088733
"Ellipse",1200,68.749537023127,102.78590375142,141.50587343691,2020-10-17T17:28:07.8088733,2020-10-17T17:28:07.8088733
"Ellipse",1201,68.749537023127,120.82772795217,254.70254110613,2020-10-17T17:28:08.3063202,2020-10-17T17:28:08.3063202
"Ellipse",1201,68.749537023127,102.47821144373,142.04357711254,2020-10-17T17:28:08.3063202,2020-10-17T17:28:08.3063202
"Ellipse",1202,68.749537023127,120.60799701046,254.53923766816,2020-10-17T17:28:08.8187825,2020-10-17T17:28:08.8187825
"Ellipse",1202,68.749537023127,102.46570670709,141.757104964,2020-10-17T17:28:08.8187825,2020-10-17T17:28:08.8187825
"Ellipse",1203,68.749537023127,120.70291479821,253.94245142003,2020-10-17T17:28:09.3062239,2020-10-17T17:28:09.3062239
"Ellipse",1203,68.749537023127,102.63812050019,142.31261841607,2020-10-17T17:28:09.3062239,2020-10-17T17:28:09.3062239
"Ellipse",1204,68.749537023127,120.63789237668,255.16517189836,2020-10-17T17:28:09.8186856,2020-10-17T17:28:09.8186856
"Ellipse",1204,68.749537023127,102.65100416825,141.91284577492,2020-10-17T17:28:09.8186856,2020-10-17T17:28:09.8186856
"Ellipse",1205,68.749537023127,120.59678624813,254.9211509716,2020-10-17T17:28:10.3081244,2020-10-17T17:28:10.3081244
"Ellipse",1205,68.749537023127,102.6525198939,142.06896551724,2020-10-17T17:28:10.3081244,2020-10-17T17:28:10.3081244
"Ellipse",1206,68.749537023127,120.80979073244,254.98617339312,2020-10-17T17:28:10.8085752,2020-10-17T17:28:10.8085752
"Ellipse",1206,68.749537023127,102.73323228496,142.32929139826,2020-10-17T17:28:10.8085752,2020-10-17T17:28:10.8085752
"Ellipse",1207,68.749537023127,120.72795216741,254.99215246637,2020-10-17T17:28:11.3070243,2020-10-17T17:28:11.3070243
"Ellipse",1207,68.749537023127,102.64759378553,141.77832512315,2020-10-17T17:28:11.3070243,2020-10-17T17:28:11.3070243
"Ellipse",1208,68.749537023127,120.82286995516,254.64237668161,2020-10-17T17:28:11.8074752,2020-10-17T17:28:11.8074752
"Ellipse",1208,68.749537023127,102.62675255779,141.84577491474,2020-10-17T17:28:11.8074752,2020-10-17T17:28:11.8074752
"Ellipse",1209,68.749537023127,121.23393124066,254.50635276532,2020-10-17T17:28:12.3069252,2020-10-17T17:28:12.3069252
"Ellipse",1209,68.749537023127,102.82228116711,141.69041303524,2020-10-17T17:28:12.3069252,2020-10-17T17:28:12.3069252
"Ellipse",1210,68.749537023127,120.73841554559,255.54110612855,2020-10-17T17:28:12.8073761,2020-10-17T17:28:12.8073761
"Ellipse",1210,68.749537023127,102.60818491853,142.31186055324,2020-10-17T17:28:12.8073761,2020-10-17T17:28:12.8073761
"Ellipse",1211,68.749537023127,120.83034379671,254.75373692078,2020-10-17T17:28:13.3078270,2020-10-17T17:28:13.3078270
"Ellipse",1211,68.749537023127,102.64190981432,142.10344827586,2020-10-17T17:28:13.3078270,2020-10-17T17:28:13.3078270
"Ellipse",1212,68.749537023127,120.90284005979,254.77092675635,2020-10-17T17:28:13.8102797,2020-10-17T17:28:13.8102797
"Ellipse",1212,68.749537023127,102.53770367564,142.10837438424,2020-10-17T17:28:13.8102797,2020-10-17T17:28:13.8102797
"Ellipse",1213,68.749537023127,120.63901345292,255.25149476831,2020-10-17T17:28:14.3207396,2020-10-17T17:28:14.3207396
"Ellipse",1213,68.749537023127,102.68472906404,141.7881773399,2020-10-17T17:28:14.3207396,2020-10-17T17:28:14.3207396
"Ellipse",1214,68.749537023127,120.96337817638,254.27167414051,2020-10-17T17:28:14.8101805,2020-10-17T17:28:14.8101805
"Ellipse",1214,68.749537023127,102.55248200076,141.89617279273,2020-10-17T17:28:14.8101805,2020-10-17T17:28:14.8101805
"Ellipse",1215,68.749537023127,120.88452914798,255.38378176383,2020-10-17T17:28:15.3156359,2020-10-17T17:28:15.3156359
"Ellipse",1215,68.749537023127,102.77491474043,142.12504736643,2020-10-17T17:28:15.3156359,2020-10-17T17:28:15.3156359
"Ellipse",1216,68.749537023127,120.82698056801,255.69618834081,2020-10-17T17:28:15.8090805,2020-10-17T17:28:15.8090805
"Ellipse",1216,68.749537023127,102.54604016673,141.45888594165,2020-10-17T17:28:15.8090805,2020-10-17T17:28:15.8090805
"Ellipse",1217,68.749537023127,120.60986547085,255.7466367713,2020-10-17T17:28:16.3075296,2020-10-17T17:28:16.3075296
"Ellipse",1217,68.749537023127,102.72565365669,141.96930655551,2020-10-17T17:28:16.3075296,2020-10-17T17:28:16.3075296
"Ellipse",1218,68.749537023127,120.89648729447,255.78251121076,2020-10-17T17:28:16.8069821,2020-10-17T17:28:16.8069821
"Ellipse",1218,68.749537023127,102.66691928761,141.79461917393,2020-10-17T17:28:16.8069821,2020-10-17T17:28:16.8069821
"Ellipse",1219,68.749537023127,120.40284005979,255.20515695067,2020-10-17T17:28:17.3074340,2020-10-17T17:28:17.3074340
"Ellipse",1219,68.749537023127,102.71314892005,141.49033724896,2020-10-17T17:28:17.3074340,2020-10-17T17:28:17.3074340
"Ellipse",1220,68.749537023127,120.7399103139,255.09529147982,2020-10-17T17:28:17.8078814,2020-10-17T17:28:17.8078814
"Ellipse",1220,68.749537023127,102.59454338765,141.80257673361,2020-10-17T17:28:17.8078814,2020-10-17T17:28:17.8078814
"Ellipse",1221,68.749537023127,120.70590433483,256.0403587444,2020-10-17T17:28:18.3063317,2020-10-17T17:28:18.3063317
"Ellipse",1221,68.749537023127,102.69685486927,141.89352027283,2020-10-17T17:28:18.3063317,2020-10-17T17:28:18.3063317
"Ellipse",1222,68.749537023127,120.77914798206,256.52653213752,2020-10-17T17:28:18.8227957,2020-10-17T17:28:18.8227957
"Ellipse",1222,68.749537023127,102.68889730959,142.1693823418,2020-10-17T17:28:18.8227957,2020-10-17T17:28:18.8227957
"Ellipse",1223,68.749537023127,120.5519431988,255.49925261585,2020-10-17T17:28:19.3062313,2020-10-17T17:28:19.3062313
"Ellipse",1223,68.749537023127,102.6043956044,141.98143236074,2020-10-17T17:28:19.3062313,2020-10-17T17:28:19.3062313
"Ellipse",1224,68.749537023127,120.73692077728,255.35612855008,2020-10-17T17:28:19.8106858,2020-10-17T17:28:19.8106858
"Ellipse",1224,68.749537023127,102.71542250853,141.55475558924,2020-10-17T17:28:19.8106858,2020-10-17T17:28:19.8106858
"Ellipse",1225,68.749537023127,120.62855007474,255.05455904335,2020-10-17T17:28:20.3061322,2020-10-17T17:28:20.3061322
"Ellipse",1225,68.749537023127,102.6752557787,141.68321333839,2020-10-17T17:28:20.3061322,2020-10-17T17:28:20.3061322
"Ellipse",1226,68.749537023127,120.95254110613,256.04633781764,2020-10-17T17:28:20.8115876,2020-10-17T17:28:20.8115876
"Ellipse",1226,68.749537023127,102.60894278136,141.92686623721,2020-10-17T17:28:20.8115876,2020-10-17T17:28:20.8115876
"Ellipse",1227,68.749537023127,120.4932735426,256.31053811659,2020-10-17T17:28:21.3060353,2020-10-17T17:28:21.3060353
"Ellipse",1227,68.749537023127,102.50132625995,141.61917392952,2020-10-17T17:28:21.3060353,2020-10-17T17:28:21.3060353
"Ellipse",1228,68.749537023127,120.3322122571,256.81838565022,2020-10-17T17:28:21.8124893,2020-10-17T17:28:21.8124893
"Ellipse",1228,68.749537023127,102.75521030693,141.68283440697,2020-10-17T17:28:21.8124893,2020-10-17T17:28:21.8124893
"Ellipse",1229,68.749537023127,120.6980568012,256.03437967115,2020-10-17T17:28:22.3089366,2020-10-17T17:28:22.3089366
"Ellipse",1229,68.749537023127,102.85183781736,142.13224706328,2020-10-17T17:28:22.3089366,2020-10-17T17:28:22.3089366
"Ellipse",1230,68.749537023127,120.62518684604,255.76457399103,2020-10-17T17:28:22.8083866,2020-10-17T17:28:22.8083866
"Ellipse",1230,68.749537023127,102.63319439182,141.56612353164,2020-10-17T17:28:22.8083866,2020-10-17T17:28:22.8083866
"Ellipse",1231,68.749537023127,120.46263079223,255.22571001495,2020-10-17T17:28:23.3238513,2020-10-17T17:28:23.3238513
"Ellipse",1231,68.749537023127,102.61917392952,141.63698370595,2020-10-17T17:28:23.3238513,2020-10-17T17:28:23.3238513
"Ellipse",1232,68.749537023127,120.83819133034,255.23094170404,2020-10-17T17:28:23.8082901,2020-10-17T17:28:23.8082901
"Ellipse",1232,68.749537023127,102.74914740432,141.77453580902,2020-10-17T17:28:23.8082901,2020-10-17T17:28:23.8082901
"Ellipse",1233,68.749537023127,120.76382660688,255.60014947683,2020-10-17T17:28:24.3157485,2020-10-17T17:28:24.3157485
"Ellipse",1233,68.749537023127,102.59340659341,141.67108753316,2020-10-17T17:28:24.3157485,2020-10-17T17:28:24.3157485
"Ellipse",1234,68.749537023127,120.8187593423,255.23878923767,2020-10-17T17:28:24.8101911,2020-10-17T17:28:24.8101911
"Ellipse",1234,68.749537023127,102.57408109132,141.80674497916,2020-10-17T17:28:24.8101911,2020-10-17T17:28:24.8101911
"Ellipse",1235,68.749537023127,121.13153961136,254.53774289985,2020-10-17T17:28:25.3136498,2020-10-17T17:28:25.3136498
"Ellipse",1235,68.749537023127,102.64569912846,141.70102311482,2020-10-17T17:28:25.3136498,2020-10-17T17:28:25.3136498
"Ellipse",1236,68.749537023127,120.73355754858,255.16031390135,2020-10-17T17:28:25.8201001,2020-10-17T17:28:25.8201001
"Ellipse",1236,68.749537023127,102.60477453581,141.61652140963,2020-10-17T17:28:25.8201001,2020-10-17T17:28:25.8201001
"Ellipse",1237,68.749537023127,120.70515695067,254.81726457399,2020-10-17T17:28:26.3075392,2020-10-17T17:28:26.3075392
"Ellipse",1237,68.749537023127,102.69344448655,141.44979158772,2020-10-17T17:28:26.3075392,2020-10-17T17:28:26.3075392
"Ellipse",1238,68.749537023127,120.33856502242,255.53064275037,2020-10-17T17:28:26.8059873,2020-10-17T17:28:26.8059873
"Ellipse",1238,68.749537023127,102.88253126184,141.85903751421,2020-10-17T17:28:26.8059873,2020-10-17T17:28:26.8059873
"Ellipse",1239,68.749537023127,120.67488789238,255.29297458894,2020-10-17T17:28:27.3074407,2020-10-17T17:28:27.3074407
"Ellipse",1239,68.749537023127,102.79348237969,141.69268662372,2020-10-17T17:28:27.3074407,2020-10-17T17:28:27.3074407
"Ellipse",1240,68.749537023127,120.43908819133,255.16890881913,2020-10-17T17:28:27.8078910,2020-10-17T17:28:27.8078910
"Ellipse",1240,68.749537023127,102.60515346722,141.64721485411,2020-10-17T17:28:27.8078910,2020-10-17T17:28:27.8078910
"Ellipse",1241,68.749537023127,120.75934230194,254.42376681614,2020-10-17T17:28:28.3063397,2020-10-17T17:28:28.3063397
"Ellipse",1241,68.749537023127,102.69117089807,142.00719969686,2020-10-17T17:28:28.3063397,2020-10-17T17:28:28.3063397
"Ellipse",1242,68.749537023127,120.8187593423,255.32473841555,2020-10-17T17:28:28.8127980,2020-10-17T17:28:28.8127980
"Ellipse",1242,68.749537023127,102.67374005305,141.7908298598,2020-10-17T17:28:28.8127980,2020-10-17T17:28:28.8127980
"Ellipse",1243,68.749537023127,120.27503736921,256.88116591928,2020-10-17T17:28:29.3082427,2020-10-17T17:28:29.3082427
"Ellipse",1243,68.749537023127,102.54111405836,141.65062523683,2020-10-17T17:28:29.3082427,2020-10-17T17:28:29.3082427
"Ellipse",1244,68.749537023127,119.95926756353,258.46898355755,2020-10-17T17:28:29.8187078,2020-10-17T17:28:29.8187078
"Ellipse",1244,68.749537023127,102.67715043577,142.27320954907,2020-10-17T17:28:29.8187078,2020-10-17T17:28:29.8187078
"Ellipse",1245,68.749537023127,119.73579970105,257.59080717489,2020-10-17T17:28:30.3071427,2020-10-17T17:28:30.3071427
"Ellipse",1245,68.749537023127,102.70367563471,141.9238347859,2020-10-17T17:28:30.3071427,2020-10-17T17:28:30.3071427
"Ellipse",1246,68.749537023127,120.21487294469,256.51793721973,2020-10-17T17:28:30.8075936,2020-10-17T17:28:30.8075936
"Ellipse",1246,68.749537023127,102.689276241,142.03713527852,2020-10-17T17:28:30.8075936,2020-10-17T17:28:30.8075936
"Ellipse",1247,68.749537023127,120.27877428999,256.17937219731,2020-10-17T17:28:31.3130499,2020-10-17T17:28:31.3130499
"Ellipse",1247,68.749537023127,102.824933687,141.49677908299,2020-10-17T17:28:31.3130499,2020-10-17T17:28:31.3130499
"Ellipse",1248,68.749537023127,120.68759342302,255.97122571002,2020-10-17T17:28:31.8084957,2020-10-17T17:28:31.8084957
"Ellipse",1248,68.749537023127,102.57862826828,141.50701023115,2020-10-17T17:28:31.8084957,2020-10-17T17:28:31.8084957
"Ellipse",1249,68.749537023127,120.41704035874,255.89162929746,2020-10-17T17:28:32.3069444,2020-10-17T17:28:32.3069444
"Ellipse",1249,68.749537023127,102.51610458507,141.88594164456,2020-10-17T17:28:32.3069444,2020-10-17T17:28:32.3069444
"Ellipse",1250,68.749537023127,120.61808669656,255.04745889387,2020-10-17T17:28:32.8063944,2020-10-17T17:28:32.8063944
"Ellipse",1250,68.749537023127,102.7457370216,141.71959075407,2020-10-17T17:28:32.8063944,2020-10-17T17:28:32.8063944
"Ellipse",1251,68.749537023127,120.26793721973,254.44170403587,2020-10-17T17:28:33.3078462,2020-10-17T17:28:33.3078462
"Ellipse",1251,68.749537023127,102.61273209549,141.56422887457,2020-10-17T17:28:33.3078462,2020-10-17T17:28:33.3078462
"Ellipse",1252,68.749537023127,120.6225710015,254.93535127055,2020-10-17T17:28:33.8092980,2020-10-17T17:28:33.8092980
"Ellipse",1252,68.749537023127,102.44448654794,141.51155740811,2020-10-17T17:28:33.8092980,2020-10-17T17:28:33.8092980
"Ellipse",1253,68.749537023127,120.49701046338,254.78437967115,2020-10-17T17:28:34.3097489,2020-10-17T17:28:34.3097489
"Ellipse",1253,68.749537023127,102.56006062903,141.796513831,2020-10-17T17:28:34.3097489,2020-10-17T17:28:34.3097489
"Ellipse",1254,68.749537023127,120.35949177877,254.89237668161,2020-10-17T17:28:34.8162052,2020-10-17T17:28:34.8162052
"Ellipse",1254,68.749537023127,102.62334217507,141.46532777567,2020-10-17T17:28:34.8162052,2020-10-17T17:28:34.8162052
"Ellipse",1255,68.749537023127,120.41517189836,254.91255605381,2020-10-17T17:28:35.3096501,2020-10-17T17:28:35.3096501
"Ellipse",1255,68.749537023127,102.6043956044,141.57976506252,2020-10-17T17:28:35.3096501,2020-10-17T17:28:35.3096501
"Ellipse",1256,68.749537023127,120.3658445441,254.62369207773,2020-10-17T17:28:35.8061054,2020-10-17T17:28:35.8061054
"Ellipse",1256,68.749537023127,102.54262978401,141.69647593786,2020-10-17T17:28:35.8061054,2020-10-17T17:28:35.8061054
"Ellipse",1257,68.749537023127,120.33445440957,254.33669656203,2020-10-17T17:28:36.3105515,2020-10-17T17:28:36.3105515
"Ellipse",1257,68.749537023127,102.52633573323,141.4039408867,2020-10-17T17:28:36.3105515,2020-10-17T17:28:36.3105515
"Ellipse",1258,68.749537023127,120.35949177877,254.3692077728,2020-10-17T17:28:36.8070014,2020-10-17T17:28:36.8070014
"Ellipse",1258,68.749537023127,102.64948844259,141.69912845775,2020-10-17T17:28:36.8070014,2020-10-17T17:28:36.8070014
"Ellipse",1259,68.749537023127,120.30904334828,254.72384155456,2020-10-17T17:28:37.3104550,2020-10-17T17:28:37.3104550
"Ellipse",1259,68.749537023127,102.72679045093,141.65100416825,2020-10-17T17:28:37.3104550,2020-10-17T17:28:37.3104550
"Ellipse",1260,68.749537023127,120.16928251121,254.64910313901,2020-10-17T17:28:37.8069032,2020-10-17T17:28:37.8069032
"Ellipse",1260,68.749537023127,102.58620689655,141.59568018189,2020-10-17T17:28:37.8069032,2020-10-17T17:28:37.8069032
"Ellipse",1261,68.749537023127,120.14125560538,254.24850523169,2020-10-17T17:28:38.3133589,2020-10-17T17:28:38.3133589
"Ellipse",1261,68.749537023127,102.70140204623,141.37741568776,2020-10-17T17:28:38.3133589,2020-10-17T17:28:38.3133589
"Ellipse",1262,68.749537023127,120.49289985052,253.95889387145,2020-10-17T17:28:38.8078050,2020-10-17T17:28:38.8078050
"Ellipse",1262,68.749537023127,102.70253884047,141.46153846154,2020-10-17T17:28:38.8078050,2020-10-17T17:28:38.8078050
"Ellipse",1263,68.749537023127,120.32698056801,255.10837070254,2020-10-17T17:28:39.3082543,2020-10-17T17:28:39.3082543
"Ellipse",1263,68.749537023127,102.56043956044,141.65327775673,2020-10-17T17:28:39.3082543,2020-10-17T17:28:39.3082543
"Ellipse",1264,68.749537023127,120.30418535127,254.7197309417,2020-10-17T17:28:39.8187152,2020-10-17T17:28:39.8187152
"Ellipse",1264,68.749537023127,102.48920045472,141.93255020841,2020-10-17T17:28:39.8187152,2020-10-17T17:28:39.8187152
"Ellipse",1265,68.749537023127,120.30717488789,254.24775784753,2020-10-17T17:28:40.3081558,2020-10-17T17:28:40.3081558
"Ellipse",1265,68.749537023127,102.63925729443,141.83857521789,2020-10-17T17:28:40.3081558,2020-10-17T17:28:40.3081558
"Ellipse",1266,68.749537023127,120.22795216741,255.21674140508,2020-10-17T17:28:40.8076058,2020-10-17T17:28:40.8076058
"Ellipse",1266,68.749537023127,102.80485032209,141.58696475938,2020-10-17T17:28:40.8076058,2020-10-17T17:28:40.8076058
"Ellipse",1267,68.749537023127,120.11509715994,255.69992526158,2020-10-17T17:28:41.3100562,2020-10-17T17:28:41.3100562
"Ellipse",1267,68.749537023127,102.71807502842,141.69799166351,2020-10-17T17:28:41.3100562,2020-10-17T17:28:41.3100562
"Ellipse",1268,68.749537023127,119.7264573991,254.79857997011,2020-10-17T17:28:41.8145104,2020-10-17T17:28:41.8145104
"Ellipse",1268,68.749537023127,102.51724137931,141.30731337628,2020-10-17T17:28:41.8145104,2020-10-17T17:28:41.8145104
"Ellipse",1269,68.749537023127,119.82025411061,255.09454409567,2020-10-17T17:28:42.3189652,2020-10-17T17:28:42.3189652
"Ellipse",1269,68.749537023127,102.46456991285,141.64986737401,2020-10-17T17:28:42.3189652,2020-10-17T17:28:42.3189652
"Ellipse",1270,68.749537023127,120.11771300448,254.25373692078,2020-10-17T17:28:42.8094080,2020-10-17T17:28:42.8094080
"Ellipse",1270,68.749537023127,102.47252747253,141.21258052293,2020-10-17T17:28:42.8094080,2020-10-17T17:28:42.8094080
"Ellipse",1271,68.749537023127,120.10276532138,253.80156950673,2020-10-17T17:28:43.3228697,2020-10-17T17:28:43.3228697
"Ellipse",1271,68.749537023127,102.62599469496,141.30049261084,2020-10-17T17:28:43.3228697,2020-10-17T17:28:43.3228697
"Ellipse",1272,68.749537023127,120.16255605381,254.07062780269,2020-10-17T17:28:43.8073071,2020-10-17T17:28:43.8073071
"Ellipse",1272,68.749537023127,102.62258431224,141.1129215612,2020-10-17T17:28:43.8073071,2020-10-17T17:28:43.8073071
"Ellipse",1273,68.749537023127,120.11360239163,253.73131539611,2020-10-17T17:28:44.3167652,2020-10-17T17:28:44.3167652
"Ellipse",1273,68.749537023127,102.64569912846,141.75899962107,2020-10-17T17:28:44.3167652,2020-10-17T17:28:44.3167652
"Ellipse",1274,68.749537023127,120.25186846039,253.56278026906,2020-10-17T17:28:44.8082076,2020-10-17T17:28:44.8082076
"Ellipse",1274,68.749537023127,102.69306555514,140.95945433877,2020-10-17T17:28:44.8082076,2020-10-17T17:28:44.8082076
"Ellipse",1275,68.749537023127,119.91031390135,252.88041853513,2020-10-17T17:28:45.3076592,2020-10-17T17:28:45.3076592
"Ellipse",1275,68.749537023127,102.63167866616,140.9886320576,2020-10-17T17:28:45.3076592,2020-10-17T17:28:45.3076592
"Ellipse",1276,68.749537023127,119.86472346786,252.28774289985,2020-10-17T17:28:45.8071076,2020-10-17T17:28:45.8071076
"Ellipse",1276,68.749537023127,102.4406972338,140.62220538083,2020-10-17T17:28:45.8071076,2020-10-17T17:28:45.8071076
"Ellipse",1277,68.749537023127,120.10650224215,251.73542600897,2020-10-17T17:28:46.3065576,2020-10-17T17:28:46.3065576
"Ellipse",1277,68.749537023127,102.47517999242,141.06441834028,2020-10-17T17:28:46.3065576,2020-10-17T17:28:46.3065576
"Ellipse",1278,68.749537023127,120.1476083707,252.86322869955,2020-10-17T17:28:46.8070084,2020-10-17T17:28:46.8070084
"Ellipse",1278,68.749537023127,102.64342553998,141.24327396741,2020-10-17T17:28:46.8070084,2020-10-17T17:28:46.8070084
"Ellipse",1279,68.749537023127,119.71188340807,253.22085201794,2020-10-17T17:28:47.3064620,2020-10-17T17:28:47.3064620
"Ellipse",1279,68.749537023127,102.60629026146,141.63054187192,2020-10-17T17:28:47.3064620,2020-10-17T17:28:47.3064620
"Ellipse",1280,68.749537023127,120.07660687593,254.62107623318,2020-10-17T17:28:47.8069084,2020-10-17T17:28:47.8069084
"Ellipse",1280,68.749537023127,102.61273209549,141.32853353543,2020-10-17T17:28:47.8069084,2020-10-17T17:28:47.8069084
"Ellipse",1281,68.749537023127,120.23467862481,254.48094170404,2020-10-17T17:28:48.3063593,2020-10-17T17:28:48.3063593
"Ellipse",1281,68.749537023127,102.62372110648,141.97385373247,2020-10-17T17:28:48.3063593,2020-10-17T17:28:48.3063593
"Ellipse",1282,68.749537023127,120.21487294469,254.83707025411,2020-10-17T17:28:48.8098129,2020-10-17T17:28:48.8098129
"Ellipse",1282,68.749537023127,102.51724137931,141.14172034862,2020-10-17T17:28:48.8098129,2020-10-17T17:28:48.8098129
"Ellipse",1283,68.749537023127,120.15022421525,253.69207772795,2020-10-17T17:28:49.3082639,2020-10-17T17:28:49.3082639
"Ellipse",1283,68.749537023127,102.52785145889,141.61727927245,2020-10-17T17:28:49.3082639,2020-10-17T17:28:49.3082639
"Ellipse",1284,68.749537023127,120.18423019432,252.98393124066,2020-10-17T17:28:49.8077136,2020-10-17T17:28:49.8077136
"Ellipse",1284,68.749537023127,102.62826828344,141.67563471012,2020-10-17T17:28:49.8077136,2020-10-17T17:28:49.8077136
"Ellipse",1285,68.749537023127,120.38565022422,253.16479820628,2020-10-17T17:28:50.3071620,2020-10-17T17:28:50.3071620
"Ellipse",1285,68.749537023127,102.59189086775,141.6752557787,2020-10-17T17:28:50.3071620,2020-10-17T17:28:50.3071620
"Ellipse",1286,68.749537023127,120.02840059791,253.65321375187,2020-10-17T17:28:50.8126177,2020-10-17T17:28:50.8126177
"Ellipse",1286,68.749537023127,102.64266767715,141.14437286851,2020-10-17T17:28:50.8126177,2020-10-17T17:28:50.8126177
"Ellipse",1287,68.749537023127,119.80979073244,253.15508221226,2020-10-17T17:28:51.3080637,2020-10-17T17:28:51.3080637
"Ellipse",1287,68.749537023127,102.59302766199,141.29784009094,2020-10-17T17:28:51.3080637,2020-10-17T17:28:51.3080637
"Ellipse",1288,68.749537023127,120.34454409567,254.94581464873,2020-10-17T17:28:51.8085146,2020-10-17T17:28:51.8085146
"Ellipse",1288,68.749537023127,102.62106858659,141.75331564987,2020-10-17T17:28:51.8085146,2020-10-17T17:28:51.8085146
"Ellipse",1289,68.749537023127,120.20590433483,255.11360239163,2020-10-17T17:28:52.3069637,2020-10-17T17:28:52.3069637
"Ellipse",1289,68.749537023127,102.63016294051,141.88063660478,2020-10-17T17:28:52.3069637,2020-10-17T17:28:52.3069637
"Ellipse",1290,68.749537023127,119.8187593423,252.6408819133,2020-10-17T17:28:52.8104173,2020-10-17T17:28:52.8104173
"Ellipse",1290,68.749537023127,102.52368321334,141.41947707465,2020-10-17T17:28:52.8104173,2020-10-17T17:28:52.8104173
"Ellipse",1291,68.749537023127,120.3153961136,254.58632286996,2020-10-17T17:28:53.3068697,2020-10-17T17:28:53.3068697
"Ellipse",1291,68.749537023127,102.71580143994,141.89048882152,2020-10-17T17:28:53.3068697,2020-10-17T17:28:53.3068697
"Ellipse",1292,68.749537023127,119.97608370703,250.87668161435,2020-10-17T17:28:53.8103182,2020-10-17T17:28:53.8103182
"Ellipse",1292,68.749537023127,102.61690034104,140.9886320576,2020-10-17T17:28:53.8103182,2020-10-17T17:28:53.8103182
"Ellipse",1293,68.749537023127,120.0168161435,255.95104633782,2020-10-17T17:28:54.3147749,2020-10-17T17:28:54.3147749
"Ellipse",1293,68.749537023127,102.57180750284,141.83364910951,2020-10-17T17:28:54.3147749,2020-10-17T17:28:54.3147749
"Ellipse",1294,68.749537023127,119.77765321375,254.39910313901,2020-10-17T17:28:54.8082204,2020-10-17T17:28:54.8082204
"Ellipse",1294,68.749537023127,102.58507010231,141.39408866995,2020-10-17T17:28:54.8082204,2020-10-17T17:28:54.8082204
"Ellipse",1295,68.749537023127,120.03587443946,255.70702541106,2020-10-17T17:28:55.3176762,2020-10-17T17:28:55.3176762
"Ellipse",1295,68.749537023127,102.84236453202,141.92345585449,2020-10-17T17:28:55.3176762,2020-10-17T17:28:55.3176762
"Ellipse",1296,68.749537023127,119.96524663677,254.94282511211,2020-10-17T17:28:55.8081181,2020-10-17T17:28:55.8081181
"Ellipse",1296,68.749537023127,102.56801818871,141.8078817734,2020-10-17T17:28:55.8081181,2020-10-17T17:28:55.8081181
"Ellipse",1297,68.749537023127,119.87481315396,255.37556053812,2020-10-17T17:28:56.3075684,2020-10-17T17:28:56.3075684
"Ellipse",1297,68.749537023127,102.56233421751,141.71087533157,2020-10-17T17:28:56.3075684,2020-10-17T17:28:56.3075684
"Ellipse",1298,68.749537023127,119.94992526158,254.56726457399,2020-10-17T17:28:56.8080193,2020-10-17T17:28:56.8080193
"Ellipse",1298,68.749537023127,102.69117089807,142.01439939371,2020-10-17T17:28:56.8080193,2020-10-17T17:28:56.8080193
"Ellipse",1299,68.749537023127,120.02466367713,254.95814648729,2020-10-17T17:28:57.3144753,2020-10-17T17:28:57.3144753
"Ellipse",1299,68.749537023127,102.56953391436,141.71276998863,2020-10-17T17:28:57.3144753,2020-10-17T17:28:57.3144753
"Ellipse",1300,68.749537023127,119.69095665172,254.05605381166,2020-10-17T17:28:57.8139253,2020-10-17T17:28:57.8139253
"Ellipse",1300,68.749537023127,102.62258431224,141.56839712012,2020-10-17T17:28:57.8139253,2020-10-17T17:28:57.8139253
"Ellipse",1301,68.749537023127,119.78923766816,255.71113602392,2020-10-17T17:28:58.3093716,2020-10-17T17:28:58.3093716
"Ellipse",1301,68.749537023127,102.70215990906,141.84615384615,2020-10-17T17:28:58.3093716,2020-10-17T17:28:58.3093716
"Ellipse",1302,68.749537023127,119.93983557549,255.21263079223,2020-10-17T17:28:58.8108234,2020-10-17T17:28:58.8108234
"Ellipse",1302,68.749537023127,102.78969306556,142.00075786283,2020-10-17T17:28:58.8108234,2020-10-17T17:28:58.8108234
"Ellipse",1303,68.749537023127,119.29633781764,251.07174887892,2020-10-17T17:28:59.3062698,2020-10-17T17:28:59.3062698
"Ellipse",1303,68.749537023127,102.46494884426,140.70443349754,2020-10-17T17:28:59.3062698,2020-10-17T17:28:59.3062698
"Ellipse",1304,68.749537023127,119.52391629298,255.02615844544,2020-10-17T17:28:59.8227351,2020-10-17T17:28:59.8227351
"Ellipse",1304,68.749537023127,102.61955286093,142.19893899204,2020-10-17T17:28:59.8227351,2020-10-17T17:28:59.8227351
"Ellipse",1305,68.749537023127,119.5168161435,255.09379671151,2020-10-17T17:29:00.3071716,2020-10-17T17:29:00.3071716
"Ellipse",1305,68.749537023127,102.85903751421,141.77794619174,2020-10-17T17:29:00.3071716,2020-10-17T17:29:00.3071716
"Ellipse",1306,68.749537023127,119.05605381166,252.02802690583,2020-10-17T17:29:00.8096246,2020-10-17T17:29:00.8096246
"Ellipse",1306,68.749537023127,102.5903751421,140.91474043198,2020-10-17T17:29:00.8096246,2020-10-17T17:29:00.8096246
"Ellipse",1307,68.749537023127,119.87967115097,256.01606875934,2020-10-17T17:29:01.3070724,2020-10-17T17:29:01.3070724
"Ellipse",1307,68.749537023127,102.6835922698,141.79537703676,2020-10-17T17:29:01.3070724,2020-10-17T17:29:01.3070724
"Ellipse",1308,68.749537023127,119.97790262172,254.97041198502,2020-10-17T17:29:01.8095251,2020-10-17T17:29:01.8095251
"Ellipse",1308,68.749537023127,102.55892383479,140.95414929898,2020-10-17T17:29:01.8095251,2020-10-17T17:29:01.8095251
"Ellipse",1309,68.749537023127,120.61573033708,257.48164794008,2020-10-17T17:29:02.3069733,2020-10-17T17:29:02.3069733
"Ellipse",1309,68.749537023127,102.58696475938,141.49526335733,2020-10-17T17:29:02.3069733,2020-10-17T17:29:02.3069733
"Ellipse",1310,68.749537023127,120.65393258427,254.64756554307,2020-10-17T17:29:02.8104269,2020-10-17T17:29:02.8104269
"Ellipse",1310,68.749537023127,102.68813944676,140.41341417204,2020-10-17T17:29:02.8104269,2020-10-17T17:29:02.8104269
"Ellipse",1311,68.749537023127,121.14307116105,259.05505617978,2020-10-17T17:29:03.3068742,2020-10-17T17:29:03.3068742
"Ellipse",1311,68.749537023127,102.57180750284,142.13452065176,2020-10-17T17:29:03.3068742,2020-10-17T17:29:03.3068742
"Ellipse",1312,68.749537023127,120.32883895131,254.13520599251,2020-10-17T17:29:03.8063242,2020-10-17T17:29:03.8063242
"Ellipse",1312,68.749537023127,102.60098522168,140.4209928003,2020-10-17T17:29:03.8063242,2020-10-17T17:29:03.8063242
"Ellipse",1313,68.749537023127,120.65280898876,257.5925093633,2020-10-17T17:29:04.3177850,2020-10-17T17:29:04.3177850
"Ellipse",1313,68.749537023127,102.67601364153,141.2542629784,2020-10-17T17:29:04.3177850,2020-10-17T17:29:04.3177850
"Ellipse",1314,68.749537023127,121.05617977528,258.60149812734,2020-10-17T17:29:04.8072263,2020-10-17T17:29:04.8072263
"Ellipse",1314,68.749537023127,102.42137173172,141.59757483895,2020-10-17T17:29:04.8072263,2020-10-17T17:29:04.8072263
"Ellipse",1315,68.749537023127,120.68464419476,256.9670411985,2020-10-17T17:29:05.3216901,2020-10-17T17:29:05.3216901
"Ellipse",1315,68.749537023127,102.54945054945,141.66161424782,2020-10-17T17:29:05.3216901,2020-10-17T17:29:05.3216901
"Ellipse",1316,68.749537023127,120.20112359551,253.87378277154,2020-10-17T17:29:05.8061262,2020-10-17T17:29:05.8061262
"Ellipse",1316,68.749537023127,102.50056839712,140.67260325881,2020-10-17T17:29:05.8061262,2020-10-17T17:29:05.8061262
"Ellipse",1317,68.749537023127,120.41460674157,257.80262172285,2020-10-17T17:29:06.3135831,2020-10-17T17:29:06.3135831
"Ellipse",1317,68.749537023127,102.61386888973,141.07389162562,2020-10-17T17:29:06.3135831,2020-10-17T17:29:06.3135831
"Ellipse",1318,68.749537023127,120.41947565543,260.05468164794,2020-10-17T17:29:06.8080286,2020-10-17T17:29:06.8080286
"Ellipse",1318,68.749537023127,102.55551345207,141.67184539598,2020-10-17T17:29:06.8080286,2020-10-17T17:29:06.8080286
"Ellipse",1319,68.749537023127,119.91235955056,254.88202247191,2020-10-17T17:29:07.3074786,2020-10-17T17:29:07.3074786
"Ellipse",1319,68.749537023127,102.60970064418,140.83630162941,2020-10-17T17:29:07.3074786,2020-10-17T17:29:07.3074786
"Ellipse",1320,68.749537023127,120.44344569288,257.71985018727,2020-10-17T17:29:07.8179385,2020-10-17T17:29:07.8179385
"Ellipse",1320,68.749537023127,102.5846911709,141.33232284956,2020-10-17T17:29:07.8179385,2020-10-17T17:29:07.8179385
"Ellipse",1321,68.749537023127,119.79625468165,253.50149812734,2020-10-17T17:29:08.3063786,2020-10-17T17:29:08.3063786
"Ellipse",1321,68.749537023127,102.58923834786,140.46684350133,2020-10-17T17:29:08.3063786,2020-10-17T17:29:08.3063786
"Ellipse",1322,68.749537023127,120.70524344569,258.49063670412,2020-10-17T17:29:08.8198412,2020-10-17T17:29:08.8198412
"Ellipse",1322,68.749537023127,102.64228874574,141.88101553619,2020-10-17T17:29:08.8198412,2020-10-17T17:29:08.8198412
"Ellipse",1323,68.749537023127,120.51835205993,258.76441947566,2020-10-17T17:29:09.3082812,2020-10-17T17:29:09.3082812
"Ellipse",1323,68.749537023127,102.59378552482,141.78704054566,2020-10-17T17:29:09.3082812,2020-10-17T17:29:09.3082812
"Ellipse",1324,68.749537023127,120.89737827715,259.23183520599,2020-10-17T17:29:09.8127360,2020-10-17T17:29:09.8127360
"Ellipse",1324,68.749537023127,102.72224327397,141.70594922319,2020-10-17T17:29:09.8127360,2020-10-17T17:29:09.8127360
"Ellipse",1325,68.749537023127,120.1074906367,253.53220973783,2020-10-17T17:29:10.3071812,2020-10-17T17:29:10.3071812
"Ellipse",1325,68.749537023127,102.52216748769,140.88518378174,2020-10-17T17:29:10.3071812,2020-10-17T17:29:10.3071812
"Ellipse",1326,68.749537023127,119.92696629214,253.25805243446,2020-10-17T17:29:10.8126366,2020-10-17T17:29:10.8126366
"Ellipse",1326,68.749537023127,102.56422887457,140.4039408867,2020-10-17T17:29:10.8126366,2020-10-17T17:29:10.8126366
"Ellipse",1327,68.749537023127,119.82434456929,253.1734082397,2020-10-17T17:29:11.3200938,2020-10-17T17:29:11.3200938
"Ellipse",1327,68.749537023127,102.55740810913,140.76203107238,2020-10-17T17:29:11.3200938,2020-10-17T17:29:11.3200938
"Ellipse",1328,68.749537023127,120.6595505618,258.87378277154,2020-10-17T17:29:11.8065321,2020-10-17T17:29:11.8065321
"Ellipse",1328,68.749537023127,102.62978400909,141.83099658962,2020-10-17T17:29:11.8065321,2020-10-17T17:29:11.8065321
"Ellipse",1329,68.749537023127,120.67565543071,259.0595505618,2020-10-17T17:29:12.3179929,2020-10-17T17:29:12.3179929
"Ellipse",1329,68.749537023127,102.66047745358,141.49602122016,2020-10-17T17:29:12.3179929,2020-10-17T17:29:12.3179929
"Ellipse",1330,68.749537023127,120.45767790262,260.13558052435,2020-10-17T17:29:12.8074390,2020-10-17T17:29:12.8074390
"Ellipse",1330,68.749537023127,102.74232663888,141.89579386131,2020-10-17T17:29:12.8074390,2020-10-17T17:29:12.8074390
"Ellipse",1331,68.749537023127,119.07827715356,257.25093632959,2020-10-17T17:29:13.3118883,2020-10-17T17:29:13.3118883
"Ellipse",1331,68.749537023127,102.55286093217,140.65100416825,2020-10-17T17:29:13.3118883,2020-10-17T17:29:13.3118883
"Ellipse",1332,68.749537023127,119.56629213483,263.03071161049,2020-10-17T17:29:13.8073347,2020-10-17T17:29:13.8073347
"Ellipse",1332,68.749537023127,102.64532019704,142.0113679424,2020-10-17T17:29:13.8073347,2020-10-17T17:29:13.8073347
"Ellipse",1333,68.749537023127,119.42921348315,257.34943820225,2020-10-17T17:29:14.3177946,2020-10-17T17:29:14.3177946
"Ellipse",1333,68.749537023127,102.52898825313,140.53164077302,2020-10-17T17:29:14.3177946,2020-10-17T17:29:14.3177946
"Ellipse",1334,68.749537023127,119.8,260.05692883895,2020-10-17T17:29:14.8102383,2020-10-17T17:29:14.8102383
"Ellipse",1334,68.749537023127,102.47631678666,141.1413414172,2020-10-17T17:29:14.8102383,2020-10-17T17:29:14.8102383
"Ellipse",1335,68.749537023127,119.94382022472,261.7734082397,2020-10-17T17:29:15.3206982,2020-10-17T17:29:15.3206982
"Ellipse",1335,68.749537023127,102.82682834407,141.61386888973,2020-10-17T17:29:15.3206982,2020-10-17T17:29:15.3206982
"Ellipse",1336,68.749537023127,120.29962546817,260.14157303371,2020-10-17T17:29:15.8071364,2020-10-17T17:29:15.8071364
"Ellipse",1336,68.749537023127,102.72338006821,141.81849185298,2020-10-17T17:29:15.8071364,2020-10-17T17:29:15.8071364
"Ellipse",1337,68.749537023127,120.40823970038,258.60449438202,2020-10-17T17:29:16.3105900,2020-10-17T17:29:16.3105900
"Ellipse",1337,68.749537023127,102.63812050019,141.67336112164,2020-10-17T17:29:16.3105900,2020-10-17T17:29:16.3105900
"Ellipse",1338,68.749537023127,120.5734082397,258.06928838951,2020-10-17T17:29:16.8060364,2020-10-17T17:29:16.8060364
"Ellipse",1338,68.749537023127,102.71201212581,141.65100416825,2020-10-17T17:29:16.8060364,2020-10-17T17:29:16.8060364
"Ellipse",1339,68.749537023127,120.05168539326,254.99625468165,2020-10-17T17:29:17.3074882,2020-10-17T17:29:17.3074882
"Ellipse",1339,68.749537023127,102.6411519515,141.03296703297,2020-10-17T17:29:17.3074882,2020-10-17T17:29:17.3074882
"Ellipse",1340,68.749537023127,120.00711610487,253.30524344569,2020-10-17T17:29:17.8079413,2020-10-17T17:29:17.8079413
"Ellipse",1340,68.749537023127,102.52330428193,140.37931034483,2020-10-17T17:29:17.8079413,2020-10-17T17:29:17.8079413
"Ellipse",1341,68.749537023127,119.70074906367,253.3074906367,2020-10-17T17:29:18.3163972,2020-10-17T17:29:18.3163972
"Ellipse",1341,68.749537023127,102.59568018189,140.56953391436,2020-10-17T17:29:18.3163972,2020-10-17T17:29:18.3163972
"Ellipse",1342,68.749537023127,120.77640449438,256.97752808989,2020-10-17T17:29:18.8108465,2020-10-17T17:29:18.8108465
"Ellipse",1342,68.749537023127,102.56422887457,141.58544903373,2020-10-17T17:29:18.8108465,2020-10-17T17:29:18.8108465
"Ellipse",1343,68.749537023127,120.18089887641,254.98913857678,2020-10-17T17:29:19.3082899,2020-10-17T17:29:19.3082899
"Ellipse",1343,68.749537023127,102.85145888594,140.66691928761,2020-10-17T17:29:19.3082899,2020-10-17T17:29:19.3082899
"Ellipse",1344,68.749537023127,120.00224719101,255.83558052435,2020-10-17T17:29:19.8227544,2020-10-17T17:29:19.8227544
"Ellipse",1344,68.749537023127,102.53164077302,141.16976127321,2020-10-17T17:29:19.8227544,2020-10-17T17:29:19.8227544
"Ellipse",1345,68.749537023127,119.80936329588,253.00449438202,2020-10-17T17:29:20.3091958,2020-10-17T17:29:20.3091958
"Ellipse",1345,68.749537023127,102.48465327776,140.13338385752,2020-10-17T17:29:20.3091958,2020-10-17T17:29:20.3091958
"Ellipse",1346,68.749537023127,120.58239700375,258.38464419476,2020-10-17T17:29:20.8176584,2020-10-17T17:29:20.8176584
"Ellipse",1346,68.749537023127,102.48124289504,141.67942402425,2020-10-17T17:29:20.8176584,2020-10-17T17:29:20.8176584
"Ellipse",1347,68.749537023127,120.1925093633,255.93558052435,2020-10-17T17:29:21.3160998,2020-10-17T17:29:21.3160998
"Ellipse",1347,68.749537023127,102.66919287609,140.68813944676,2020-10-17T17:29:21.3160998,2020-10-17T17:29:21.3160998
"Ellipse",1348,68.749537023127,120.48127340824,258.04943820225,2020-10-17T17:29:21.8085483,2020-10-17T17:29:21.8085483
"Ellipse",1348,68.749537023127,102.62637362637,141.49677908299,2020-10-17T17:29:21.8085483,2020-10-17T17:29:21.8085483
"Ellipse",1349,68.749537023127,120.20823970038,252.6329588015,2020-10-17T17:29:22.3059907,2020-10-17T17:29:22.3059907
"Ellipse",1349,68.749537023127,102.67184539598,140.58128078818,2020-10-17T17:29:22.3059907,2020-10-17T17:29:22.3059907
"Ellipse",1350,68.749537023127,120.8595505618,258.25655430712,2020-10-17T17:29:22.8074435,2020-10-17T17:29:22.8074435
"Ellipse",1350,68.749537023127,102.58696475938,141.24971580144,2020-10-17T17:29:22.8074435,2020-10-17T17:29:22.8074435
"Ellipse",1351,68.749537023127,119.97752808989,252.81198501873,2020-10-17T17:29:23.3119053,2020-10-17T17:29:23.3119053
"Ellipse",1351,68.749537023127,102.65896172793,140.23569533914,2020-10-17T17:29:23.3119053,2020-10-17T17:29:23.3119053
"Ellipse",1352,68.749537023127,120.56029962547,257.70898876405,2020-10-17T17:29:23.8073450,2020-10-17T17:29:23.8073450
"Ellipse",1352,68.749537023127,102.64266767715,141.97991663509,2020-10-17T17:29:23.8073450,2020-10-17T17:29:23.8073450
"Ellipse",1353,68.749537023127,120.31535580524,254.51797752809,2020-10-17T17:29:24.3178033,2020-10-17T17:29:24.3178033
"Ellipse",1353,68.749537023127,102.34899583175,141.14437286851,2020-10-17T17:29:24.3178033,2020-10-17T17:29:24.3178033
"Ellipse",1354,68.749537023127,120.26479400749,252.42509363296,2020-10-17T17:29:24.8072494,2020-10-17T17:29:24.8072494
"Ellipse",1354,68.749537023127,102.68207654415,140.5198938992,2020-10-17T17:29:24.8072494,2020-10-17T17:29:24.8072494
"Ellipse",1355,68.749537023127,120.0872659176,252.6872659176,2020-10-17T17:29:25.3107017,2020-10-17T17:29:25.3107017
"Ellipse",1355,68.749537023127,102.6017430845,140.17355058734,2020-10-17T17:29:25.3107017,2020-10-17T17:29:25.3107017
"Ellipse",1356,68.749537023127,120.64157303371,257.26853932584,2020-10-17T17:29:25.8091533,2020-10-17T17:29:25.8091533
"Ellipse",1356,68.749537023127,102.84994316029,141.58620689655,2020-10-17T17:29:25.8091533,2020-10-17T17:29:25.8091533
"Ellipse",1357,68.749537023127,120.48389513109,258.99887640449,2020-10-17T17:29:26.3066009,2020-10-17T17:29:26.3066009
"Ellipse",1357,68.749537023127,102.76506252368,141.53505115574,2020-10-17T17:29:26.3066009,2020-10-17T17:29:26.3066009
"Ellipse",1358,68.749537023127,119.72284644195,260.27902621723,2020-10-17T17:29:26.8120518,2020-10-17T17:29:26.8120518
"Ellipse",1358,68.749537023127,102.63925729443,141.26638878363,2020-10-17T17:29:26.8120518,2020-10-17T17:29:26.8120518
"Ellipse",1359,68.749537023127,119.29588014981,256.0606741573,2020-10-17T17:29:27.3074978,2020-10-17T17:29:27.3074978
"Ellipse",1359,68.749537023127,102.61500568397,140.67942402425,2020-10-17T17:29:27.3074978,2020-10-17T17:29:27.3074978
"Ellipse",1360,68.749537023127,120.31797752809,259.49213483146,2020-10-17T17:29:27.8079487,2020-10-17T17:29:27.8079487
"Ellipse",1360,68.749537023127,102.51269420235,142.00189465707,2020-10-17T17:29:27.8079487,2020-10-17T17:29:27.8079487
"Ellipse",1361,68.749537023127,119.8063670412,255.09288389513,2020-10-17T17:29:28.3073987,2020-10-17T17:29:28.3073987
"Ellipse",1361,68.749537023127,102.60287987874,140.63319439182,2020-10-17T17:29:28.3073987,2020-10-17T17:29:28.3073987
"Ellipse",1362,68.749537023127,119.85131086142,252.95243445693,2020-10-17T17:29:28.8218616,2020-10-17T17:29:28.8218616
"Ellipse",1362,68.749537023127,102.4914740432,140.55437665783,2020-10-17T17:29:28.8218616,2020-10-17T17:29:28.8218616
"Ellipse",1363,68.749537023127,120.09737827715,254.5468164794,2020-10-17T17:29:29.3153106,2020-10-17T17:29:29.3153106
"Ellipse",1363,68.749537023127,102.72300113679,140.88063660478,2020-10-17T17:29:29.3153106,2020-10-17T17:29:29.3153106
"Ellipse",1364,68.749537023127,120.54269662921,258.31198501873,2020-10-17T17:29:29.8217689,2020-10-17T17:29:29.8217689
"Ellipse",1364,68.749537023127,102.55475558924,141.81091322471,2020-10-17T17:29:29.8217689,2020-10-17T17:29:29.8217689
"Ellipse",1365,68.749537023127,120.13520599251,257.16629213483,2020-10-17T17:29:30.3082036,2020-10-17T17:29:30.3082036
"Ellipse",1365,68.749537023127,102.52330428193,140.99242137173,2020-10-17T17:29:30.3082036,2020-10-17T17:29:30.3082036
"Ellipse",1366,68.749537023127,119.89400749064,254.45580524345,2020-10-17T17:29:30.8156621,2020-10-17T17:29:30.8156621
"Ellipse",1366,68.749537023127,102.64759378553,140.70367563471,2020-10-17T17:29:30.8156621,2020-10-17T17:29:30.8156621
"Ellipse",1367,68.749537023127,120.07490636704,256.31647940075,2020-10-17T17:29:31.3081064,2020-10-17T17:29:31.3081064
"Ellipse",1367,68.749537023127,102.67374005305,141.00644183403,2020-10-17T17:29:31.3081064,2020-10-17T17:29:31.3081064
"Ellipse",1368,68.749537023127,119.8468164794,253.60599250936,2020-10-17T17:29:31.8125618,2020-10-17T17:29:31.8125618
"Ellipse",1368,68.749537023127,102.52406214475,140.34369079197,2020-10-17T17:29:31.8125618,2020-10-17T17:29:31.8125618
"Ellipse",1369,68.749537023127,119.36142322097,254.80936329588,2020-10-17T17:29:32.3070022,2020-10-17T17:29:32.3070022
"Ellipse",1369,68.749537023127,102.58999621069,140.47063281546,2020-10-17T17:29:32.3070022,2020-10-17T17:29:32.3070022
"Ellipse",1370,68.749537023127,119.18913857678,254.98352059925,2020-10-17T17:29:32.8184630,2020-10-17T17:29:32.8184630
"Ellipse",1370,68.749537023127,102.8021978022,140.32701780978,2020-10-17T17:29:32.8184630,2020-10-17T17:29:32.8184630
"Ellipse",1371,68.749537023127,119.76928838951,255.45992509363,2020-10-17T17:29:33.3149103,2020-10-17T17:29:33.3149103
"Ellipse",1371,68.749537023127,102.69799166351,140.30238726791,2020-10-17T17:29:33.3149103,2020-10-17T17:29:33.3149103
"Ellipse",1372,68.749537023127,119.79737827715,256.71460674157,2020-10-17T17:29:33.8093558,2020-10-17T17:29:33.8093558
"Ellipse",1372,68.749537023127,102.47101174687,140.74990526715,2020-10-17T17:29:33.8093558,2020-10-17T17:29:33.8093558
"Ellipse",1373,68.749537023127,120.1,259.25767790262,2020-10-17T17:29:34.3068039,2020-10-17T17:29:34.3068039
"Ellipse",1373,68.749537023127,102.56271314892,141.32701780978,2020-10-17T17:29:34.3068039,2020-10-17T17:29:34.3068039
"Ellipse",1374,68.749537023127,119.76516853933,256.77378277154,2020-10-17T17:29:34.8092605,2020-10-17T17:29:34.8092605
"Ellipse",1374,68.749537023127,102.56422887457,140.74270557029,2020-10-17T17:29:34.8092605,2020-10-17T17:29:34.8092605
"Ellipse",1375,68.749537023127,119.934082397,253.82734082397,2020-10-17T17:29:35.3167183,2020-10-17T17:29:35.3167183
"Ellipse",1375,68.749537023127,102.56119742327,140.25729442971,2020-10-17T17:29:35.3167183,2020-10-17T17:29:35.3167183
"Ellipse",1376,68.749537023127,119.96329588015,252.97565543071,2020-10-17T17:29:35.8081621,2020-10-17T17:29:35.8081621
"Ellipse",1376,68.749537023127,102.58734369079,140.35695339144,2020-10-17T17:29:35.8081621,2020-10-17T17:29:35.8081621
"Ellipse",1377,68.749537023127,119.8861423221,252.69288389513,2020-10-17T17:29:36.3146158,2020-10-17T17:29:36.3146158
"Ellipse",1377,68.749537023127,102.51724137931,139.82266009852,2020-10-17T17:29:36.3146158,2020-10-17T17:29:36.3146158
"Ellipse",1378,68.749537023127,119.93520599251,252.4734082397,2020-10-17T17:29:36.8100634,2020-10-17T17:29:36.8100634
"Ellipse",1378,68.749537023127,102.5706707086,140.18605532399,2020-10-17T17:29:36.8100634,2020-10-17T17:29:36.8100634
"Ellipse",1379,68.749537023127,119.76779026217,252.6872659176,2020-10-17T17:29:37.3075075,2020-10-17T17:29:37.3075075
"Ellipse",1379,68.749537023127,102.49298976885,140.54149298977,2020-10-17T17:29:37.3075075,2020-10-17T17:29:37.3075075
"Ellipse",1380,68.749537023127,119.92471910112,252.0531835206,2020-10-17T17:29:37.8129632,2020-10-17T17:29:37.8129632
"Ellipse",1380,68.749537023127,102.53012504737,140.75217885563,2020-10-17T17:29:37.8129632,2020-10-17T17:29:37.8129632
"Ellipse",1381,68.749537023127,119.58801498127,250.3329588015,2020-10-17T17:29:38.3084102,2020-10-17T17:29:38.3084102
"Ellipse",1381,68.749537023127,102.32512315271,138.71314892005,2020-10-17T17:29:38.3084102,2020-10-17T17:29:38.3084102
"Ellipse",1382,68.749537023127,119.65917602996,252.91760299626,2020-10-17T17:29:38.8118631,2020-10-17T17:29:38.8118631
"Ellipse",1382,68.749537023127,102.56650246305,140.21447517999,2020-10-17T17:29:38.8118631,2020-10-17T17:29:38.8118631
"Ellipse",1383,68.749537023127,119.66928838951,252.60112359551,2020-10-17T17:29:39.3073092,2020-10-17T17:29:39.3073092
"Ellipse",1383,68.749537023127,102.51875710496,140.06252368321,2020-10-17T17:29:39.3073092,2020-10-17T17:29:39.3073092
"Ellipse",1384,68.749537023127,119.84232209738,253.09438202247,2020-10-17T17:29:39.8147680,2020-10-17T17:29:39.8147680
"Ellipse",1384,68.749537023127,102.55210306934,140.40507768094,2020-10-17T17:29:39.8147680,2020-10-17T17:29:39.8147680
"Ellipse",1385,68.749537023127,119.49400749064,252.64119850187,2020-10-17T17:29:40.3092109,2020-10-17T17:29:40.3092109
"Ellipse",1385,68.749537023127,102.56043956044,140.44297082228,2020-10-17T17:29:40.3092109,2020-10-17T17:29:40.3092109
"Ellipse",1386,68.749537023127,119.98838951311,252.13707865169,2020-10-17T17:29:40.8206752,2020-10-17T17:29:40.8206752
"Ellipse",1386,68.749537023127,102.72413793103,140.08601743085,2020-10-17T17:29:40.8206752,2020-10-17T17:29:40.8206752
"Ellipse",1387,68.749537023127,119.77415730337,252.51423220974,2020-10-17T17:29:41.3061100,2020-10-17T17:29:41.3061100
"Ellipse",1387,68.749537023127,102.66919287609,140.13338385752,2020-10-17T17:29:41.3061100,2020-10-17T17:29:41.3061100
"Ellipse",1388,68.749537023127,119.565917603,253.07003745318,2020-10-17T17:29:41.8075618,2020-10-17T17:29:41.8075618
"Ellipse",1388,68.749537023127,102.70102311482,140.25236832133,2020-10-17T17:29:41.8075618,2020-10-17T17:29:41.8075618
"Ellipse",1389,68.749537023127,119.66254681648,252.48164794008,2020-10-17T17:29:42.3080127,2020-10-17T17:29:42.3080127
"Ellipse",1389,68.749537023127,102.54717696097,140.2372110648,2020-10-17T17:29:42.3080127,2020-10-17T17:29:42.3080127
"Ellipse",1390,68.749537023127,119.92471910112,252.48164794008,2020-10-17T17:29:42.8064618,2020-10-17T17:29:42.8064618
"Ellipse",1390,68.749537023127,102.58393330807,140.40659340659,2020-10-17T17:29:42.8064618,2020-10-17T17:29:42.8064618
"Ellipse",1391,68.749537023127,120.30898876405,256.48651685393,2020-10-17T17:29:43.3079136,2020-10-17T17:29:43.3079136
"Ellipse",1391,68.749537023127,102.74270557029,141.74990526715,2020-10-17T17:29:43.3079136,2020-10-17T17:29:43.3079136
"Ellipse",1392,68.749537023127,120.25131086142,256.89588014981,2020-10-17T17:29:43.8233780,2020-10-17T17:29:43.8233780
"Ellipse",1392,68.749537023127,102.61955286093,141.67487684729,2020-10-17T17:29:43.8233780,2020-10-17T17:29:43.8233780
"Ellipse",1393,68.749537023127,120.37902621723,255.81235955056,2020-10-17T17:29:44.3078145,2020-10-17T17:29:44.3078145
"Ellipse",1393,68.749537023127,102.56043956044,141.26638878363,2020-10-17T17:29:44.3078145,2020-10-17T17:29:44.3078145
"Ellipse",1394,68.749537023127,120.23670411985,254.25168539326,2020-10-17T17:29:44.8072644,2020-10-17T17:29:44.8072644
"Ellipse",1394,68.749537023127,102.55437665783,140.99621068587,2020-10-17T17:29:44.8072644,2020-10-17T17:29:44.8072644
"Ellipse",1395,68.749537023127,119.74456928839,251.32509363296,2020-10-17T17:29:45.3227327,2020-10-17T17:29:45.3227327
"Ellipse",1395,68.749537023127,102.45433876468,139.88821523304,2020-10-17T17:29:45.3227327,2020-10-17T17:29:45.3227327
"Ellipse",1396,68.749537023127,119.55056179775,250.91123595506,2020-10-17T17:29:45.8181752,2020-10-17T17:29:45.8181752
"Ellipse",1396,68.749537023127,102.49753694581,139.87608942781,2020-10-17T17:29:45.8181752,2020-10-17T17:29:45.8181752
"Ellipse",1397,68.749537023127,119.64344569288,251.41872659176,2020-10-17T17:29:46.3096177,2020-10-17T17:29:46.3096177
"Ellipse",1397,68.749537023127,102.6949602122,140.01288366806,2020-10-17T17:29:46.3096177,2020-10-17T17:29:46.3096177
"Ellipse",1398,68.749537023127,120.00149812734,251.59662921348,2020-10-17T17:29:46.8070684,2020-10-17T17:29:46.8070684
"Ellipse",1398,68.749537023127,102.58355437666,140.13527851459,2020-10-17T17:29:46.8070684,2020-10-17T17:29:46.8070684
"Ellipse",1399,68.749537023127,119.71198501873,251.37453183521,2020-10-17T17:29:47.3075216,2020-10-17T17:29:47.3075216
"Ellipse",1399,68.749537023127,102.53239863585,139.70026525199,2020-10-17T17:29:47.3075216,2020-10-17T17:29:47.3075216
"Ellipse",1400,68.749537023127,119.97153558052,252.88876404494,2020-10-17T17:29:47.8079709,2020-10-17T17:29:47.8079709
"Ellipse",1400,68.749537023127,102.80409245927,140.47631678666,2020-10-17T17:29:47.8079709,2020-10-17T17:29:47.8079709
"Ellipse",1401,68.749537023127,119.27565543071,252.87677902622,2020-10-17T17:29:48.3074240,2020-10-17T17:29:48.3074240
"Ellipse",1401,68.749537023127,102.3190602501,140.16180371353,2020-10-17T17:29:48.3074240,2020-10-17T17:29:48.3074240
"Ellipse",1402,68.749537023127,119.71535580524,251.92359550562,2020-10-17T17:29:48.8068695,2020-10-17T17:29:48.8068695
"Ellipse",1402,68.749537023127,102.58810155362,140.38954149299,2020-10-17T17:29:48.8068695,2020-10-17T17:29:48.8068695
"Ellipse",1403,68.749537023127,119.70898876405,250.90037453184,2020-10-17T17:29:49.3123259,2020-10-17T17:29:49.3123259
"Ellipse",1403,68.749537023127,102.55816597196,140.10231148162,2020-10-17T17:29:49.3123259,2020-10-17T17:29:49.3123259
"Ellipse",1404,68.749537023127,119.55093632959,251.42247191011,2020-10-17T17:29:49.8187806,2020-10-17T17:29:49.8187806
"Ellipse",1404,68.749537023127,102.48124289504,140.31261841607,2020-10-17T17:29:49.8187806,2020-10-17T17:29:49.8187806
"Ellipse",1405,68.749537023127,119.64981273408,251.62883895131,2020-10-17T17:29:50.3072197,2020-10-17T17:29:50.3072197
"Ellipse",1405,68.749537023127,102.66691928761,140.2739674119,2020-10-17T17:29:50.3072197,2020-10-17T17:29:50.3072197
"Ellipse",1406,68.749537023127,119.61760299626,251.39138576779,2020-10-17T17:29:50.8186805,2020-10-17T17:29:50.8186805
"Ellipse",1406,68.749537023127,102.71276998863,139.99280030315,2020-10-17T17:29:50.8186805,2020-10-17T17:29:50.8186805
"Ellipse",1407,68.749537023127,119.61835205993,251.09925093633,2020-10-17T17:29:51.3101223,2020-10-17T17:29:51.3101223
"Ellipse",1407,68.749537023127,102.58279651383,140.10951117848,2020-10-17T17:29:51.3101223,2020-10-17T17:29:51.3101223
"Ellipse",1408,68.749537023127,119.88651685393,251.0797752809,2020-10-17T17:29:51.8065706,2020-10-17T17:29:51.8065706
"Ellipse",1408,68.749537023127,102.53921940129,140.36074270557,2020-10-17T17:29:51.8065706,2020-10-17T17:29:51.8065706
"Ellipse",1409,68.749537023127,119.34981273408,250.33033707865,2020-10-17T17:29:52.3080227,2020-10-17T17:29:52.3080227
"Ellipse",1409,68.749537023127,102.49298976885,139.57673361122,2020-10-17T17:29:52.3080227,2020-10-17T17:29:52.3080227
"Ellipse",1410,68.749537023127,119.75992509363,251.91460674157,2020-10-17T17:29:52.8134777,2020-10-17T17:29:52.8134777
"Ellipse",1410,68.749537023127,102.50132625995,140.08336491095,2020-10-17T17:29:52.8134777,2020-10-17T17:29:52.8134777
"Ellipse",1411,68.749537023127,119.49400749064,251.47378277154,2020-10-17T17:29:53.3079258,2020-10-17T17:29:53.3079258
"Ellipse",1411,68.749537023127,102.54831375521,139.82834406972,2020-10-17T17:29:53.3079258,2020-10-17T17:29:53.3079258
"Ellipse",1412,68.749537023127,119.54494382023,251.23483146067,2020-10-17T17:29:53.8073780,2020-10-17T17:29:53.8073780
"Ellipse",1412,68.749537023127,102.59795377037,139.71125426298,2020-10-17T17:29:53.8073780,2020-10-17T17:29:53.8073780
"Ellipse",1413,68.749537023127,119.42471910112,252.34119850187,2020-10-17T17:29:54.3088250,2020-10-17T17:29:54.3088250
"Ellipse",1413,68.749537023127,102.48995831755,139.5593027662,2020-10-17T17:29:54.3088250,2020-10-17T17:29:54.3088250
"Ellipse",1414,68.749537023127,119.52808988764,252.51460674157,2020-10-17T17:29:54.8072741,2020-10-17T17:29:54.8072741
"Ellipse",1414,68.749537023127,102.50701023115,140.0450928382,2020-10-17T17:29:54.8072741,2020-10-17T17:29:54.8072741
"Ellipse",1415,68.749537023127,119.20337078652,253.11498127341,2020-10-17T17:29:55.3137329,2020-10-17T17:29:55.3137329
"Ellipse",1415,68.749537023127,102.41985600606,139.55172413793,2020-10-17T17:29:55.3137329,2020-10-17T17:29:55.3137329
"Ellipse",1416,68.749537023127,119.20674157303,253.04269662921,2020-10-17T17:29:55.8081797,2020-10-17T17:29:55.8081797
"Ellipse",1416,68.749537023127,102.52557787041,140.04471390678,2020-10-17T17:29:55.8081797,2020-10-17T17:29:55.8081797
"Ellipse",1417,68.749537023127,119.2936329588,252.35430711611,2020-10-17T17:29:56.3076249,2020-10-17T17:29:56.3076249
"Ellipse",1417,68.749537023127,102.48806366048,140.12353164077,2020-10-17T17:29:56.3076249,2020-10-17T17:29:56.3076249
"Ellipse",1418,68.749537023127,119.36816479401,251.52359550562,2020-10-17T17:29:56.8060778,2020-10-17T17:29:56.8060778
"Ellipse",1418,68.749537023127,102.64873057977,139.94126563092,2020-10-17T17:29:56.8060778,2020-10-17T17:29:56.8060778
"Ellipse",1419,68.749537023127,119.28501872659,250.26104868914,2020-10-17T17:29:57.3075296,2020-10-17T17:29:57.3075296
"Ellipse",1419,68.749537023127,102.46191739295,139.58696475938,2020-10-17T17:29:57.3075296,2020-10-17T17:29:57.3075296
"Ellipse",1420,68.749537023127,119.10449438202,250.37677902622,2020-10-17T17:29:57.8069767,2020-10-17T17:29:57.8069767
"Ellipse",1420,68.749537023127,102.4831375521,139.72224327397,2020-10-17T17:29:57.8069767,2020-10-17T17:29:57.8069767
"Ellipse",1421,68.749537023127,118.82921348315,250.97865168539,2020-10-17T17:29:58.3074276,2020-10-17T17:29:58.3074276
"Ellipse",1421,68.749537023127,102.65176203107,139.94505494506,2020-10-17T17:29:58.3074276,2020-10-17T17:29:58.3074276
"Ellipse",1422,68.749537023127,119.41797752809,250.22059925094,2020-10-17T17:29:58.8128833,2020-10-17T17:29:58.8128833
"Ellipse",1422,68.749537023127,102.48730579765,140.04168245548,2020-10-17T17:29:58.8128833,2020-10-17T17:29:58.8128833
"Ellipse",1423,68.749537023127,119.39138576779,249.79812734082,2020-10-17T17:29:59.3083303,2020-10-17T17:29:59.3083303
"Ellipse",1423,68.749537023127,102.69344448655,139.75786282683,2020-10-17T17:29:59.3083303,2020-10-17T17:29:59.3083303
"Ellipse",1424,68.749537023127,119.15168539326,249.63857677903,2020-10-17T17:29:59.8167923,2020-10-17T17:29:59.8167923
"Ellipse",1424,68.749537023127,102.26714664646,139.64153088291,2020-10-17T17:29:59.8167923,2020-10-17T17:29:59.8167923
"Ellipse",1425,68.749537023127,119.32808988764,248.54456928839,2020-10-17T17:30:00.3082318,2020-10-17T17:30:00.3082318
"Ellipse",1425,68.749537023127,102.40621447518,139.95301250474,2020-10-17T17:30:00.3082318,2020-10-17T17:30:00.3082318
"Ellipse",1426,68.749537023127,119.35093632959,250.34456928839,2020-10-17T17:30:00.8176892,2020-10-17T17:30:00.8176892
"Ellipse",1426,68.749537023127,102.41720348617,140.14702538841,2020-10-17T17:30:00.8176892,2020-10-17T17:30:00.8176892
"Ellipse",1427,68.749537023127,119.6329588015,249.90224719101,2020-10-17T17:30:01.3061293,2020-10-17T17:30:01.3061293
"Ellipse",1427,68.749537023127,102.44183402804,140.07768093975,2020-10-17T17:30:01.3061293,2020-10-17T17:30:01.3061293
"Ellipse",1428,68.749537023127,119.49176029963,249.69101123596,2020-10-17T17:30:01.8075811,2020-10-17T17:30:01.8075811
"Ellipse",1428,68.749537023127,102.68056081849,140.07389162562,2020-10-17T17:30:01.8075811,2020-10-17T17:30:01.8075811
"Ellipse",1429,68.749537023127,119.40823970038,249.51797752809,2020-10-17T17:30:02.3070311,2020-10-17T17:30:02.3070311
"Ellipse",1429,68.749537023127,102.51269420235,140.04433497537,2020-10-17T17:30:02.3070311,2020-10-17T17:30:02.3070311
"Ellipse",1430,68.749537023127,119.49775280899,248.38576779026,2020-10-17T17:30:02.8074820,2020-10-17T17:30:02.8074820
"Ellipse",1430,68.749537023127,102.42326638878,139.99924213717,2020-10-17T17:30:02.8074820,2020-10-17T17:30:02.8074820
"Ellipse",1431,68.749537023127,119.50674157303,248.99625468165,2020-10-17T17:30:03.3069319,2020-10-17T17:30:03.3069319
"Ellipse",1431,68.749537023127,102.39787798409,139.88177339902,2020-10-17T17:30:03.3069319,2020-10-17T17:30:03.3069319
"Ellipse",1432,68.749537023127,119.52134831461,250.04831460674,2020-10-17T17:30:03.8083901,2020-10-17T17:30:03.8083901
"Ellipse",1432,68.749537023127,102.66047745358,139.77832512315,2020-10-17T17:30:03.8083901,2020-10-17T17:30:03.8083901
"Ellipse",1433,68.749537023127,119.6393258427,250.34794007491,2020-10-17T17:30:04.3078366,2020-10-17T17:30:04.3078366
"Ellipse",1433,68.749537023127,102.73095869648,140.1864342554,2020-10-17T17:30:04.3078366,2020-10-17T17:30:04.3078366
"Ellipse",1434,68.749537023127,119.36516853933,249.22359550562,2020-10-17T17:30:04.8082888,2020-10-17T17:30:04.8082888
"Ellipse",1434,68.749537023127,102.44145509663,140.12087912088,2020-10-17T17:30:04.8082888,2020-10-17T17:30:04.8082888
"Ellipse",1435,68.749537023127,119.34719101124,250.42434456929,2020-10-17T17:30:05.3197457,2020-10-17T17:30:05.3197457
"Ellipse",1435,68.749537023127,102.60704812429,139.92459264873,2020-10-17T17:30:05.3197457,2020-10-17T17:30:05.3197457
"Ellipse",1436,68.749537023127,118.76292134832,251.29662921348,2020-10-17T17:30:05.8161933,2020-10-17T17:30:05.8161933
"Ellipse",1436,68.749537023127,102.75066312997,140.05759757484,2020-10-17T17:30:05.8161933,2020-10-17T17:30:05.8161933
"Ellipse",1437,68.749537023127,119.10187265918,250.43895131086,2020-10-17T17:30:06.3086412,2020-10-17T17:30:06.3086412
"Ellipse",1437,68.749537023127,102.52936718454,139.73853732474,2020-10-17T17:30:06.3086412,2020-10-17T17:30:06.3086412
"Ellipse",1438,68.749537023127,119.22958801498,250.46217228464,2020-10-17T17:30:06.8080863,2020-10-17T17:30:06.8080863
"Ellipse",1438,68.749537023127,102.48541114058,139.44031830239,2020-10-17T17:30:06.8080863,2020-10-17T17:30:06.8080863
"Ellipse",1439,68.749537023127,119.22085201794,250.04633781764,2020-10-17T17:30:07.3065402,2020-10-17T17:30:07.3065402
"Ellipse",1439,68.749537023127,102.47934823797,139.9264873058,2020-10-17T17:30:07.3065402,2020-10-17T17:30:07.3065402
"Ellipse",1440,68.749537023127,119.38079222721,250.80082212257,2020-10-17T17:30:07.8079872,2020-10-17T17:30:07.8079872
"Ellipse",1440,68.749537023127,102.5903751421,140.20651762031,2020-10-17T17:30:07.8079872,2020-10-17T17:30:07.8079872
"Ellipse",1441,68.749537023127,119.21487294469,250.43385650224,2020-10-17T17:30:08.3114437,2020-10-17T17:30:08.3114437
"Ellipse",1441,68.749537023127,102.50246305419,139.51875710496,2020-10-17T17:30:08.3114437,2020-10-17T17:30:08.3114437
"Ellipse",1442,68.749537023127,118.98467862481,252.19992526158,2020-10-17T17:30:08.8088890,2020-10-17T17:30:08.8088890
"Ellipse",1442,68.749537023127,102.36377415688,139.4831375521,2020-10-17T17:30:08.8088890,2020-10-17T17:30:08.8088890
"Ellipse",1443,68.749537023127,119.24626307922,251.1745142003,2020-10-17T17:30:09.3093399,2020-10-17T17:30:09.3093399
"Ellipse",1443,68.749537023127,102.44221295945,139.79424024252,2020-10-17T17:30:09.3093399,2020-10-17T17:30:09.3093399
"Ellipse",1444,68.749537023127,119.18086696562,250.90695067265,2020-10-17T17:30:09.8248043,2020-10-17T17:30:09.8248043
"Ellipse",1444,68.749537023127,102.49261083744,139.81773399015,2020-10-17T17:30:09.8248043,2020-10-17T17:30:09.8248043
"Ellipse",1445,68.749537023127,119.3254857997,249.86733931241,2020-10-17T17:30:10.3062380,2020-10-17T17:30:10.3062380
"Ellipse",1445,68.749537023127,102.61424782114,139.65593027662,2020-10-17T17:30:10.3062380,2020-10-17T17:30:10.3062380
"Ellipse",1446,68.749537023127,119.2466367713,251.53811659193,2020-10-17T17:30:10.8227034,2020-10-17T17:30:10.8227034
"Ellipse",1446,68.749537023127,102.63357332323,139.55816597196,2020-10-17T17:30:10.8227034,2020-10-17T17:30:10.8227034
"Ellipse",1447,68.749537023127,118.93497757848,251.17264573991,2020-10-17T17:30:11.3071398,2020-10-17T17:30:11.3071398
"Ellipse",1447,68.749537023127,102.52936718454,139.75028419856,2020-10-17T17:30:11.3071398,2020-10-17T17:30:11.3071398
"Ellipse",1448,68.749537023127,118.74476831091,252.73467862481,2020-10-17T17:30:11.8095931,2020-10-17T17:30:11.8095931
"Ellipse",1448,68.749537023127,102.46305418719,139.83289124668,2020-10-17T17:30:11.8095931,2020-10-17T17:30:11.8095931
"Ellipse",1449,68.749537023127,118.89947683109,252.10351270553,2020-10-17T17:30:12.3070410,2020-10-17T17:30:12.3070410
"Ellipse",1449,68.749537023127,102.63016294051,139.93937097385,2020-10-17T17:30:12.3070410,2020-10-17T17:30:12.3070410
"Ellipse",1450,68.749537023127,119.29932735426,252.73579970105,2020-10-17T17:30:12.8144979,2020-10-17T17:30:12.8144979
"Ellipse",1450,68.749537023127,102.52595680182,139.74649488443,2020-10-17T17:30:12.8144979,2020-10-17T17:30:12.8144979
"Ellipse",1451,68.749537023127,119.2197309417,252.11061285501,2020-10-17T17:30:13.3079425,2020-10-17T17:30:13.3079425
"Ellipse",1451,68.749537023127,102.56915498295,139.71618037135,2020-10-17T17:30:13.3079425,2020-10-17T17:30:13.3079425
"Ellipse",1452,68.749537023127,119.11061285501,252.06913303438,2020-10-17T17:30:13.8063919,2020-10-17T17:30:13.8063919
"Ellipse",1452,68.749537023127,102.36566881395,139.90867752937,2020-10-17T17:30:13.8063919,2020-10-17T17:30:13.8063919
"Ellipse",1453,68.749537023127,119.11285500747,251.40807174888,2020-10-17T17:30:14.3078437,2020-10-17T17:30:14.3078437
"Ellipse",1453,68.749537023127,102.53088291019,139.66919287609,2020-10-17T17:30:14.3078437,2020-10-17T17:30:14.3078437
"Ellipse",1454,68.749537023127,119.23542600897,250.85089686099,2020-10-17T17:30:14.8072933,2020-10-17T17:30:14.8072933
"Ellipse",1454,68.749537023127,102.52557787041,139.45130731338,2020-10-17T17:30:14.8072933,2020-10-17T17:30:14.8072933
"Ellipse",1455,68.749537023127,119.51121076233,250.34379671151,2020-10-17T17:30:15.3227577,2020-10-17T17:30:15.3227577
"Ellipse",1455,68.749537023127,102.69117089807,139.56839712012,2020-10-17T17:30:15.3227577,2020-10-17T17:30:15.3227577
"Ellipse",1456,68.749537023127,119.73804185351,250.51569506727,2020-10-17T17:30:15.8071942,2020-10-17T17:30:15.8071942
"Ellipse",1456,68.749537023127,102.42516104585,139.73702159909,2020-10-17T17:30:15.8071942,2020-10-17T17:30:15.8071942
"Ellipse",1457,68.749537023127,119.45777279522,250.31427503737,2020-10-17T17:30:16.3126486,2020-10-17T17:30:16.3126486
"Ellipse",1457,68.749537023127,102.46494884426,139.65593027662,2020-10-17T17:30:16.3126486,2020-10-17T17:30:16.3126486
"Ellipse",1458,68.749537023127,119.73355754858,250.75822122571,2020-10-17T17:30:16.8201071,2020-10-17T17:30:16.8201071
"Ellipse",1458,68.749537023127,102.48654793482,139.87343690792,2020-10-17T17:30:16.8201071,2020-10-17T17:30:16.8201071
"Ellipse",1459,68.749537023127,119.17937219731,251.67152466368,2020-10-17T17:30:17.3105487,2020-10-17T17:30:17.3105487
"Ellipse",1459,68.749537023127,102.53997726412,139.57938613111,2020-10-17T17:30:17.3105487,2020-10-17T17:30:17.3105487
"Ellipse",1460,68.749537023127,119.62668161435,251.15919282511,2020-10-17T17:30:17.8069985,2020-10-17T17:30:17.8069985
"Ellipse",1460,68.749537023127,102.53505115574,139.94164456233,2020-10-17T17:30:17.8069985,2020-10-17T17:30:17.8069985
"Ellipse",1461,68.749537023127,119.29932735426,251.73393124066,2020-10-17T17:30:18.3064466,2020-10-17T17:30:18.3064466
"Ellipse",1461,68.749537023127,102.4433497537,139.56384994316,2020-10-17T17:30:18.3064466,2020-10-17T17:30:18.3064466
"Ellipse",1462,68.749537023127,119.21300448431,251.06801195815,2020-10-17T17:30:18.8088977,2020-10-17T17:30:18.8088977
"Ellipse",1462,68.749537023127,102.50473664267,139.70481242895,2020-10-17T17:30:18.8088977,2020-10-17T17:30:18.8088977
"Ellipse",1463,68.749537023127,119.34828101644,251.14461883408,2020-10-17T17:30:19.3073477,2020-10-17T17:30:19.3073477
"Ellipse",1463,68.749537023127,102.51231527094,139.5593027662,2020-10-17T17:30:19.3073477,2020-10-17T17:30:19.3073477
"Ellipse",1464,68.749537023127,119.2634529148,252.07249626308,2020-10-17T17:30:19.8077986,2020-10-17T17:30:19.8077986
"Ellipse",1464,68.749537023127,102.58052292535,139.77036756347,2020-10-17T17:30:19.8077986,2020-10-17T17:30:19.8077986
"Ellipse",1465,68.749537023127,119.32810164425,252.2399103139,2020-10-17T17:30:20.3082514,2020-10-17T17:30:20.3082514
"Ellipse",1465,68.749537023127,102.55627131489,139.55892383479,2020-10-17T17:30:20.3082514,2020-10-17T17:30:20.3082514
"Ellipse",1466,68.749537023127,119.32286995516,252.3120328849,2020-10-17T17:30:20.8117072,2020-10-17T17:30:20.8117072
"Ellipse",1466,68.749537023127,102.4577491474,139.73550587344,2020-10-17T17:30:20.8117072,2020-10-17T17:30:20.8117072
"Ellipse",1467,68.749537023127,119.21001494768,251.13004484305,2020-10-17T17:30:21.3081526,2020-10-17T17:30:21.3081526
"Ellipse",1467,68.749537023127,102.39674118985,139.58885941645,2020-10-17T17:30:21.3081526,2020-10-17T17:30:21.3081526
"Ellipse",1468,68.749537023127,119.44581464873,251.70179372197,2020-10-17T17:30:21.8076039,2020-10-17T17:30:21.8076039
"Ellipse",1468,68.749537023127,102.36566881395,139.90337248958,2020-10-17T17:30:21.8076039,2020-10-17T17:30:21.8076039
"Ellipse",1469,68.749537023127,119.40919282511,251.6476083707,2020-10-17T17:30:22.3080512,2020-10-17T17:30:22.3080512
"Ellipse",1469,68.749537023127,102.60553239864,140.00871542251,2020-10-17T17:30:22.3080512,2020-10-17T17:30:22.3080512
"Ellipse",1470,68.749537023127,119.41218236173,251.65919282511,2020-10-17T17:30:22.8075012,2020-10-17T17:30:22.8075012
"Ellipse",1470,68.749537023127,102.58582796514,139.54300871542,2020-10-17T17:30:22.8075012,2020-10-17T17:30:22.8075012
"Ellipse",1471,68.749537023127,119.4245142003,251.60201793722,2020-10-17T17:30:23.3079521,2020-10-17T17:30:23.3079521
"Ellipse",1471,68.749537023127,102.65176203107,139.49033724896,2020-10-17T17:30:23.3079521,2020-10-17T17:30:23.3079521
"Ellipse",1472,68.749537023127,119.55568011958,251.45702541106,2020-10-17T17:30:23.8074037,2020-10-17T17:30:23.8074037
"Ellipse",1472,68.749537023127,102.5168624479,139.85524820008,2020-10-17T17:30:23.8074037,2020-10-17T17:30:23.8074037
"Ellipse",1473,68.749537023127,119.34379671151,251.43647234679,2020-10-17T17:30:24.3108560,2020-10-17T17:30:24.3108560
"Ellipse",1473,68.749537023127,102.5903751421,139.7597574839,2020-10-17T17:30:24.3108560,2020-10-17T17:30:24.3108560
"Ellipse",1474,68.749537023127,119.43983557549,250.69992526158,2020-10-17T17:30:24.8073029,2020-10-17T17:30:24.8073029
"Ellipse",1474,68.749537023127,102.43804471391,139.56043956044,2020-10-17T17:30:24.8073029,2020-10-17T17:30:24.8073029
"Ellipse",1475,68.749537023127,119.46038863976,251.17264573991,2020-10-17T17:30:25.3147614,2020-10-17T17:30:25.3147614
"Ellipse",1475,68.749537023127,102.45661235316,139.16559302766,2020-10-17T17:30:25.3147614,2020-10-17T17:30:25.3147614
"Ellipse",1476,68.749537023127,119.19431988042,251.63938714499,2020-10-17T17:30:25.8092098,2020-10-17T17:30:25.8092098
"Ellipse",1476,68.749537023127,102.58620689655,139.31564986737,2020-10-17T17:30:25.8092098,2020-10-17T17:30:25.8092098
"Ellipse",1477,68.749537023127,119.21188340807,251.8120328849,2020-10-17T17:30:26.3226702,2020-10-17T17:30:26.3226702
"Ellipse",1477,68.749537023127,102.41379310345,139.39977264115,2020-10-17T17:30:26.3226702,2020-10-17T17:30:26.3226702
"Ellipse",1478,68.749537023127,119.32062780269,251.67825112108,2020-10-17T17:30:26.8211192,2020-10-17T17:30:26.8211192
"Ellipse",1478,68.749537023127,102.59189086775,139.62106858659,2020-10-17T17:30:26.8211192,2020-10-17T17:30:26.8211192
"Ellipse",1479,68.749537023127,119.23841554559,251.80717488789,2020-10-17T17:30:27.3085565,2020-10-17T17:30:27.3085565
"Ellipse",1479,68.749537023127,102.57142857143,139.65214096249,2020-10-17T17:30:27.3085565,2020-10-17T17:30:27.3085565
"Ellipse",1480,68.749537023127,119.06988041854,250.91816143498,2020-10-17T17:30:27.8140138,2020-10-17T17:30:27.8140138
"Ellipse",1480,68.749537023127,102.37817355059,139.79613489958,2020-10-17T17:30:27.8140138,2020-10-17T17:30:27.8140138
"Ellipse",1481,68.749537023127,119.22234678625,251.45739910314,2020-10-17T17:30:28.3084593,2020-10-17T17:30:28.3084593
"Ellipse",1481,68.749537023127,102.45054945055,139.25956801819,2020-10-17T17:30:28.3084593,2020-10-17T17:30:28.3084593
"Ellipse",1482,68.749537023127,119.12518684604,251.92899850523,2020-10-17T17:30:28.8069100,2020-10-17T17:30:28.8069100
"Ellipse",1482,68.749537023127,102.67374005305,139.60666919288,2020-10-17T17:30:28.8069100,2020-10-17T17:30:28.8069100
"Ellipse",1483,68.749537023127,119.23355754858,251.42301943199,2020-10-17T17:30:29.3093627,2020-10-17T17:30:29.3093627
"Ellipse",1483,68.749537023127,102.49412656309,140.06669192876,2020-10-17T17:30:29.3093627,2020-10-17T17:30:29.3093627
"Ellipse",1484,68.749537023127,119.80037453184,251.83820224719,2020-10-17T17:30:29.8078124,2020-10-17T17:30:29.8078124
"Ellipse",1484,68.749537023127,102.49223190603,139.51345206518,2020-10-17T17:30:29.8078124,2020-10-17T17:30:29.8078124
"Ellipse",1485,68.749537023127,119.46029962547,251.50187265918,2020-10-17T17:30:30.3082626,2020-10-17T17:30:30.3082626
"Ellipse",1485,68.749537023127,102.47555892384,139.36187949981,2020-10-17T17:30:30.3082626,2020-10-17T17:30:30.3082626
"Ellipse",1486,68.749537023127,119.7127340824,251.39887640449,2020-10-17T17:30:30.8197218,2020-10-17T17:30:30.8197218
"Ellipse",1486,68.749537023127,102.48692686624,139.48086396362,2020-10-17T17:30:30.8197218,2020-10-17T17:30:30.8197218
"Ellipse",1487,68.749537023127,119.70898876405,251.89588014981,2020-10-17T17:30:31.3081600,2020-10-17T17:30:31.3081600
"Ellipse",1487,68.749537023127,102.4153088291,139.76127320955,2020-10-17T17:30:31.3081600,2020-10-17T17:30:31.3081600
"Ellipse",1488,68.749537023127,119.49288389513,252.33445692884,2020-10-17T17:30:31.8066091,2020-10-17T17:30:31.8066091
"Ellipse",1488,68.749537023127,102.67487684729,139.70935960591,2020-10-17T17:30:31.8066091,2020-10-17T17:30:31.8066091
"Ellipse",1489,68.749537023127,119.45018726592,252.68501872659,2020-10-17T17:30:32.3140679,2020-10-17T17:30:32.3140679
"Ellipse",1489,68.749537023127,102.47934823797,139.44259189087,2020-10-17T17:30:32.3140679,2020-10-17T17:30:32.3140679
"Ellipse",1490,68.749537023127,119.39325842697,252.57677902622,2020-10-17T17:30:32.8195258,2020-10-17T17:30:32.8195258
"Ellipse",1490,68.749537023127,102.54945054945,139.53239863585,2020-10-17T17:30:32.8195258,2020-10-17T17:30:32.8195258
"Ellipse",1491,68.749537023127,119.82846441948,251.66779026217,2020-10-17T17:30:33.3069598,2020-10-17T17:30:33.3069598
"Ellipse",1491,68.749537023127,102.46191739295,139.10117468738,2020-10-17T17:30:33.3069598,2020-10-17T17:30:33.3069598
"Ellipse",1492,68.749537023127,119.60898876405,251.02621722846,2020-10-17T17:30:33.8074172,2020-10-17T17:30:33.8074172
"Ellipse",1492,68.749537023127,102.53580901857,139.49677908299,2020-10-17T17:30:33.8074172,2020-10-17T17:30:33.8074172
"Ellipse",1493,68.749537023127,119.27865168539,251.76179775281,2020-10-17T17:30:34.3078626,2020-10-17T17:30:34.3078626
"Ellipse",1493,68.749537023127,102.4350132626,139.37779461917,2020-10-17T17:30:34.3078626,2020-10-17T17:30:34.3078626
"Ellipse",1494,68.749537023127,119.23558052435,252.92247191011,2020-10-17T17:30:34.8153265,2020-10-17T17:30:34.8153265
"Ellipse",1494,68.749537023127,102.49943160288,139.87495263357,2020-10-17T17:30:34.8153265,2020-10-17T17:30:34.8153265
"Ellipse",1495,68.749537023127,119.36441947566,252.17640449438,2020-10-17T17:30:35.3197746,2020-10-17T17:30:35.3197746
"Ellipse",1495,68.749537023127,102.5479348238,139.30769230769,2020-10-17T17:30:35.3197746,2020-10-17T17:30:35.3197746
"Ellipse",1496,68.749537023127,119.28202247191,251.84831460674,2020-10-17T17:30:35.8062125,2020-10-17T17:30:35.8062125
"Ellipse",1496,68.749537023127,102.59113300493,139.15801439939,2020-10-17T17:30:35.8062125,2020-10-17T17:30:35.8062125
"Ellipse",1497,68.749537023127,119.26479400749,252.17902621723,2020-10-17T17:30:36.3236788,2020-10-17T17:30:36.3236788
"Ellipse",1497,68.749537023127,102.44827586207,139.52519893899,2020-10-17T17:30:36.3236788,2020-10-17T17:30:36.3236788
"Ellipse",1498,68.749537023127,119.11797752809,252.84756554307,2020-10-17T17:30:36.8071162,2020-10-17T17:30:36.8071162
"Ellipse",1498,68.749537023127,102.46835922698,139.175066313,2020-10-17T17:30:36.8071162,2020-10-17T17:30:36.8071162
"Ellipse",1499,68.749537023127,119.10112359551,253.14157303371,2020-10-17T17:30:37.3125697,2020-10-17T17:30:37.3125697
"Ellipse",1499,68.749537023127,102.56006062903,139.16521409625,2020-10-17T17:30:37.3125697,2020-10-17T17:30:37.3125697
"Ellipse",1500,68.749537023127,119.28314606742,253.05018726592,2020-10-17T17:30:37.8090160,2020-10-17T17:30:37.8090160
"Ellipse",1500,68.749537023127,102.52671466465,139.46646456991,2020-10-17T17:30:37.8090160,2020-10-17T17:30:37.8090160
"Ellipse",1501,68.749537023127,119.27902621723,251.71835205993,2020-10-17T17:30:38.3134721,2020-10-17T17:30:38.3134721
"Ellipse",1501,68.749537023127,102.61652140963,139.40090943539,2020-10-17T17:30:38.3134721,2020-10-17T17:30:38.3134721
"Ellipse",1502,68.749537023127,118.96666666667,251.8329588015,2020-10-17T17:30:38.8079170,2020-10-17T17:30:38.8079170
"Ellipse",1502,68.749537023127,102.45320197044,139.56460780599,2020-10-17T17:30:38.8079170,2020-10-17T17:30:38.8079170
"Ellipse",1503,68.749537023127,119.35692883895,250.59625468165,2020-10-17T17:30:39.3073669,2020-10-17T17:30:39.3073669
"Ellipse",1503,68.749537023127,102.34482758621,139.2569154983,2020-10-17T17:30:39.3073669,2020-10-17T17:30:39.3073669
"Ellipse",1504,68.749537023127,119.15243445693,250.56029962547,2020-10-17T17:30:39.8088187,2020-10-17T17:30:39.8088187
"Ellipse",1504,68.749537023127,102.40469874953,139.66047745358,2020-10-17T17:30:39.8088187,2020-10-17T17:30:39.8088187
"Ellipse",1505,68.749537023127,119.20599250936,251.31423220974,2020-10-17T17:30:40.3072713,2020-10-17T17:30:40.3072713
"Ellipse",1505,68.749537023127,102.52065176203,139.57104964002,2020-10-17T17:30:40.3072713,2020-10-17T17:30:40.3072713
"Ellipse",1506,68.749537023127,119.21760299626,251.40149812734,2020-10-17T17:30:40.8227335,2020-10-17T17:30:40.8227335
"Ellipse",1506,68.749537023127,102.52292535051,138.83933308071,2020-10-17T17:30:40.8227335,2020-10-17T17:30:40.8227335
"Ellipse",1507,68.749537023127,118.88352059925,252.08876404494,2020-10-17T17:30:41.3111739,2020-10-17T17:30:41.3111739
"Ellipse",1507,68.749537023127,102.5790071997,139.25009473285,2020-10-17T17:30:41.3111739,2020-10-17T17:30:41.3111739
"Ellipse",1508,68.749537023127,118.85917602996,252.91310861423,2020-10-17T17:30:41.8076196,2020-10-17T17:30:41.8076196
"Ellipse",1508,68.749537023127,102.32663887836,139.44031830239,2020-10-17T17:30:41.8076196,2020-10-17T17:30:41.8076196
"Ellipse",1509,68.749537023127,118.85655430712,252.41011235955,2020-10-17T17:30:42.3070696,2020-10-17T17:30:42.3070696
"Ellipse",1509,68.749537023127,102.39977264115,139.32815460402,2020-10-17T17:30:42.3070696,2020-10-17T17:30:42.3070696
"Ellipse",1510,68.749537023127,118.82434456929,252.22996254682,2020-10-17T17:30:42.8095223,2020-10-17T17:30:42.8095223
"Ellipse",1510,68.749537023127,102.42591890868,139.28609321713,2020-10-17T17:30:42.8095223,2020-10-17T17:30:42.8095223
"Ellipse",1511,68.749537023127,118.66104868914,251.71685393258,2020-10-17T17:30:43.3069756,2020-10-17T17:30:43.3069756
"Ellipse",1511,68.749537023127,102.53505115574,139.25236832133,2020-10-17T17:30:43.3069756,2020-10-17T17:30:43.3069756
"Ellipse",1512,68.749537023127,118.85345794393,252.27887850467,2020-10-17T17:30:43.8124274,2020-10-17T17:30:43.8124274
"Ellipse",1512,68.749537023127,102.54338764684,139.58885941645,2020-10-17T17:30:43.8124274,2020-10-17T17:30:43.8124274
"Ellipse",1513,68.749537023127,118.90504672897,252.99289719626,2020-10-17T17:30:44.3088776,2020-10-17T17:30:44.3088776
"Ellipse",1513,68.749537023127,102.44524441076,139.58507010231,2020-10-17T17:30:44.3088776,2020-10-17T17:30:44.3088776
"Ellipse",1514,68.749537023127,118.77271028037,252.41719626168,2020-10-17T17:30:44.8083244,2020-10-17T17:30:44.8083244
"Ellipse",1514,68.749537023127,102.57976506252,139.63016294051,2020-10-17T17:30:44.8083244,2020-10-17T17:30:44.8083244
"Ellipse",1515,68.749537023127,118.24934579439,251.53719626168,2020-10-17T17:30:45.3197849,2020-10-17T17:30:45.3197849
"Ellipse",1515,68.749537023127,102.52557787041,139.66843501326,2020-10-17T17:30:45.3197849,2020-10-17T17:30:45.3197849
"Ellipse",1516,68.749537023127,118.56448598131,254.11028037383,2020-10-17T17:30:45.8082310,2020-10-17T17:30:45.8082310
"Ellipse",1516,68.749537023127,102.61348995832,139.56991284578,2020-10-17T17:30:45.8082310,2020-10-17T17:30:45.8082310
"Ellipse",1517,68.749537023127,118.63813084112,251.18093457944,2020-10-17T17:30:46.3246928,2020-10-17T17:30:46.3246928
"Ellipse",1517,68.749537023127,102.47669571808,138.20007578628,2020-10-17T17:30:46.3246928,2020-10-17T17:30:46.3246928
"Ellipse",1518,68.749537023127,118.26205607477,250.22803738318,2020-10-17T17:30:46.8071268,2020-10-17T17:30:46.8071268
"Ellipse",1518,68.749537023127,102.45433876468,139.19590754074,2020-10-17T17:30:46.8071268,2020-10-17T17:30:46.8071268
"Ellipse",1519,68.749537023127,117.94280373832,246.7876635514,2020-10-17T17:30:47.3065739,2020-10-17T17:30:47.3065739
"Ellipse",1519,68.749537023127,102.37779461917,138.84160666919,2020-10-17T17:30:47.3065739,2020-10-17T17:30:47.3065739
"Ellipse",1520,68.749537023127,117.49345794393,244.52186915888,2020-10-17T17:30:47.8170338,2020-10-17T17:30:47.8170338
"Ellipse",1520,68.749537023127,102.58052292535,139.31564986737,2020-10-17T17:30:47.8170338,2020-10-17T17:30:47.8170338
"Ellipse",1521,68.749537023127,117.17158878505,242.61794392523,2020-10-17T17:30:48.3084769,2020-10-17T17:30:48.3084769
"Ellipse",1521,68.749537023127,102.49261083744,138.57256536567,2020-10-17T17:30:48.3084769,2020-10-17T17:30:48.3084769
"Ellipse",1522,68.749537023127,117.0153271028,241.9185046729,2020-10-17T17:30:48.8069257,2020-10-17T17:30:48.8069257
"Ellipse",1522,68.749537023127,102.50738916256,139.10003789314,2020-10-17T17:30:48.8069257,2020-10-17T17:30:48.8069257
"Ellipse",1523,68.749537023127,117.17981308411,243.40934579439,2020-10-17T17:30:49.3063763,2020-10-17T17:30:49.3063763
"Ellipse",1523,68.749537023127,102.46002273589,138.81697612732,2020-10-17T17:30:49.3063763,2020-10-17T17:30:49.3063763
"Ellipse",1524,68.749537023127,117.21420560748,241.35364485981,2020-10-17T17:30:49.8078265,2020-10-17T17:30:49.8078265
"Ellipse",1524,68.749537023127,102.6271314892,138.97423266389,2020-10-17T17:30:49.8078265,2020-10-17T17:30:49.8078265
"Ellipse",1525,68.749537023127,118.99438832772,248.87766554433,2020-10-17T17:30:50.3072774,2020-10-17T17:30:50.3072774
"Ellipse",1525,68.749537023127,102.41644562334,138.9632436529,2020-10-17T17:30:50.3072774,2020-10-17T17:30:50.3072774
"Ellipse",1526,68.749537023127,119.12420501309,249.90422745978,2020-10-17T17:30:50.8157371,2020-10-17T17:30:50.8157371
"Ellipse",1526,68.749537023127,102.42591890868,138.88291019326,2020-10-17T17:30:50.8157371,2020-10-17T17:30:50.8157371
"Ellipse",1527,68.749537023127,118.87130564908,249.92330714553,2020-10-17T17:30:51.3111832,2020-10-17T17:30:51.3111832
"Ellipse",1527,68.749537023127,102.4717696097,138.59302766199,2020-10-17T17:30:51.3111832,2020-10-17T17:30:51.3111832
"Ellipse",1528,68.749537023127,118.87392442948,250.16797605687,2020-10-17T17:30:51.8076314,2020-10-17T17:30:51.8076314
"Ellipse",1528,68.749537023127,102.52709359606,138.51837817355,2020-10-17T17:30:51.8076314,2020-10-17T17:30:51.8076314
"Ellipse",1529,68.749537023127,118.71530115975,250.33520389076,2020-10-17T17:30:52.3070830,2020-10-17T17:30:52.3070830
"Ellipse",1529,68.749537023127,102.43122394847,138.79461917393,2020-10-17T17:30:52.3070830,2020-10-17T17:30:52.3070830
"Ellipse",1530,68.749537023127,118.89300411523,248.82603815937,2020-10-17T17:30:52.8075349,2020-10-17T17:30:52.8075349
"Ellipse",1530,68.749537023127,102.45547555892,138.8135657446,2020-10-17T17:30:52.8075349,2020-10-17T17:30:52.8075349
"Ellipse",1531,68.749537023127,118.7366255144,248.67938645716,2020-10-17T17:30:53.3069813,2020-10-17T17:30:53.3069813
"Ellipse",1531,68.749537023127,102.4520651762,138.5395983327,2020-10-17T17:30:53.3069813,2020-10-17T17:30:53.3069813
"Ellipse",1532,68.749537023127,118.94575383464,249.96071829405,2020-10-17T17:30:53.8074319,2020-10-17T17:30:53.8074319
"Ellipse",1532,68.749537023127,102.48692686624,138.8954149299,2020-10-17T17:30:53.8074319,2020-10-17T17:30:53.8074319
"Ellipse",1533,68.749537023127,118.89898989899,250.06771417883,2020-10-17T17:30:54.3098920,2020-10-17T17:30:54.3098920
"Ellipse",1533,68.749537023127,102.56877605154,139.07957559682,2020-10-17T17:30:54.3098920,2020-10-17T17:30:54.3098920
"Ellipse",1534,68.749537023127,118.77104377104,248.40067340067,2020-10-17T17:30:54.8143381,2020-10-17T17:30:54.8143381
"Ellipse",1534,68.749537023127,102.40697233801,138.77188328913,2020-10-17T17:30:54.8143381,2020-10-17T17:30:54.8143381
"Ellipse",1535,68.749537023127,118.68911335578,250.10101010101,2020-10-17T17:30:55.3217985,2020-10-17T17:30:55.3217985
"Ellipse",1535,68.749537023127,102.26487305798,138.45244410762,2020-10-17T17:30:55.3217985,2020-10-17T17:30:55.3217985
"Ellipse",1536,68.749537023127,118.8784137673,249.39693228582,2020-10-17T17:30:55.8072359,2020-10-17T17:30:55.8072359
"Ellipse",1536,68.749537023127,102.25009473285,138.64797271694,2020-10-17T17:30:55.8072359,2020-10-17T17:30:55.8072359
"Ellipse",1537,68.749537023127,118.54358398803,250.99775533109,2020-10-17T17:30:56.3076887,2020-10-17T17:30:56.3076887
"Ellipse",1537,68.749537023127,102.26411519515,138.87267904509,2020-10-17T17:30:56.3076887,2020-10-17T17:30:56.3076887
"Ellipse",1538,68.749537023127,118.65993265993,250.57351290685,2020-10-17T17:30:56.8071368,2020-10-17T17:30:56.8071368
"Ellipse",1538,68.749537023127,102.42212959454,138.31223948465,2020-10-17T17:30:56.8071368,2020-10-17T17:30:56.8071368
"Ellipse",1539,68.749537023127,118.84100261878,249.52338196783,2020-10-17T17:30:57.3215971,2020-10-17T17:30:57.3215971
"Ellipse",1539,68.749537023127,102.48200075786,138.68397120121,2020-10-17T17:30:57.3215971,2020-10-17T17:30:57.3215971
"Ellipse",1540,68.749537023127,118.79386457164,248.83389450056,2020-10-17T17:30:57.8070351,2020-10-17T17:30:57.8070351
"Ellipse",1540,68.749537023127,102.28912466844,138.47859037514,2020-10-17T17:30:57.8070351,2020-10-17T17:30:57.8070351
"Ellipse",1541,68.749537023127,118.86793864572,248.14889637112,2020-10-17T17:30:58.3114889,2020-10-17T17:30:58.3114889
"Ellipse",1541,68.749537023127,102.49374763168,138.84274346343,2020-10-17T17:30:58.3114889,2020-10-17T17:30:58.3114889
"Ellipse",1542,68.749537023127,119.02394313505,248.50093527871,2020-10-17T17:30:58.8199464,2020-10-17T17:30:58.8199464
"Ellipse",1542,68.749537023127,102.34028040925,138.78704054566,2020-10-17T17:30:58.8199464,2020-10-17T17:30:58.8199464
"Ellipse",1543,68.749537023127,118.78338945006,248.52188552189,2020-10-17T17:30:59.3083893,2020-10-17T17:30:59.3083893
"Ellipse",1543,68.749537023127,102.378552482,138.42326638878,2020-10-17T17:30:59.3083893,2020-10-17T17:30:59.3083893
"Ellipse",1544,68.749537023127,118.77890011223,247.43920688365,2020-10-17T17:30:59.8188470,2020-10-17T17:30:59.8188470
"Ellipse",1544,68.749537023127,102.4520651762,138.64494126563,2020-10-17T17:30:59.8188470,2020-10-17T17:30:59.8188470
"Ellipse",1545,68.749537023127,118.76169098391,247.82865693977,2020-10-17T17:31:00.3082880,2020-10-17T17:31:00.3082880
"Ellipse",1545,68.749537023127,102.35733232285,138.58582796514,2020-10-17T17:31:00.3082880,2020-10-17T17:31:00.3082880
"Ellipse",1546,68.749537023127,118.78638234194,249.86232697344,2020-10-17T17:31:00.8147433,2020-10-17T17:31:00.8147433
"Ellipse",1546,68.749537023127,102.33990147783,138.53846153846,2020-10-17T17:31:00.8147433,2020-10-17T17:31:00.8147433
"Ellipse",1547,68.749537023127,118.42199775533,249.3393191171,2020-10-17T17:31:01.3101942,2020-10-17T17:31:01.3101942
"Ellipse",1547,68.749537023127,102.46456991285,138.59795377037,2020-10-17T17:31:01.3101942,2020-10-17T17:31:01.3101942
"Ellipse",1548,68.749537023127,118.72091283202,248.40029928919,2020-10-17T17:31:01.8086400,2020-10-17T17:31:01.8086400
"Ellipse",1548,68.749537023127,102.49488442592,138.74081091323,2020-10-17T17:31:01.8086400,2020-10-17T17:31:01.8086400
"Ellipse",1549,68.749537023127,118.91881780771,248.04900860456,2020-10-17T17:31:02.3100918,2020-10-17T17:31:02.3100918
"Ellipse",1549,68.749537023127,102.61462675256,138.39219401288,2020-10-17T17:31:02.3100918,2020-10-17T17:31:02.3100918
"Ellipse",1550,68.749537023127,118.6632996633,247.78376356154,2020-10-17T17:31:02.8065388,2020-10-17T17:31:02.8065388
"Ellipse",1550,68.749537023127,102.37552103069,139.16976127321,2020-10-17T17:31:02.8065388,2020-10-17T17:31:02.8065388
"Ellipse",1551,68.749537023127,118.72839506173,247.87504676394,2020-10-17T17:31:03.3220064,2020-10-17T17:31:03.3220064
"Ellipse",1551,68.749537023127,102.4153088291,138.00682076544,2020-10-17T17:31:03.3220064,2020-10-17T17:31:03.3220064
"Ellipse",1552,68.749537023127,118.48971193416,248.33295922185,2020-10-17T17:31:03.8064397,2020-10-17T17:31:03.8064397
"Ellipse",1552,68.749537023127,102.39863584691,138.70253884047,2020-10-17T17:31:03.8064397,2020-10-17T17:31:03.8064397
"Ellipse",1553,68.749537023127,118.32323232323,249.06771417883,2020-10-17T17:31:04.3078943,2020-10-17T17:31:04.3078943
"Ellipse",1553,68.749537023127,102.49223190603,138.47972716938,2020-10-17T17:31:04.3078943,2020-10-17T17:31:04.3078943
"Ellipse",1554,68.749537023127,118.57650579873,249.28918817808,2020-10-17T17:31:04.8063418,2020-10-17T17:31:04.8063418
"Ellipse",1554,68.749537023127,102.46835922698,138.45017051914,2020-10-17T17:31:04.8063418,2020-10-17T17:31:04.8063418
"Ellipse",1555,68.749537023127,118.35578002245,249.02693602694,2020-10-17T17:31:05.3128013,2020-10-17T17:31:05.3128013
"Ellipse",1555,68.749537023127,102.40621447518,138.4122773778,2020-10-17T17:31:05.3128013,2020-10-17T17:31:05.3128013
"Ellipse",1556,68.749537023127,118.46539468762,248.41863075196,2020-10-17T17:31:05.8082455,2020-10-17T17:31:05.8082455
"Ellipse",1556,68.749537023127,102.27207275483,138.61424782114,2020-10-17T17:31:05.8082455,2020-10-17T17:31:05.8082455
"Ellipse",1557,68.749537023127,118.05761316872,247.63150018706,2020-10-17T17:31:06.3227077,2020-10-17T17:31:06.3227077
"Ellipse",1557,68.749537023127,102.55172413793,138.2682834407,2020-10-17T17:31:06.3227077,2020-10-17T17:31:06.3227077
"Ellipse",1558,68.749537023127,118.44668911336,246.40778151889,2020-10-17T17:31:06.8171522,2020-10-17T17:31:06.8171522
"Ellipse",1558,68.749537023127,102.50208412277,138.48654793482,2020-10-17T17:31:06.8171522,2020-10-17T17:31:06.8171522
"Ellipse",1559,68.749537023127,118.47325102881,246.39169472503,2020-10-17T17:31:07.3075941,2020-10-17T17:31:07.3075941
"Ellipse",1559,68.749537023127,102.35051155741,138.73929518757,2020-10-17T17:31:07.3075941,2020-10-17T17:31:07.3075941
"Ellipse",1560,68.749537023127,118.45267489712,247.35540591096,2020-10-17T17:31:07.8180537,2020-10-17T17:31:07.8180537
"Ellipse",1560,68.749537023127,102.30011367942,138.30655551345,2020-10-17T17:31:07.8180537,2020-10-17T17:31:07.8180537
"Ellipse",1561,68.749537023127,118.04115226337,246.18817807707,2020-10-17T17:31:08.3235094,2020-10-17T17:31:08.3235094
"Ellipse",1561,68.749537023127,102.42288745737,138.01288366806,2020-10-17T17:31:08.3235094,2020-10-17T17:31:08.3235094
"Ellipse",1562,68.749537023127,118.26524504302,246.94986906098,2020-10-17T17:31:08.8069497,2020-10-17T17:31:08.8069497
"Ellipse",1562,68.749537023127,102.46078059871,138.43008715423,2020-10-17T17:31:08.8069497,2020-10-17T17:31:08.8069497
"Ellipse",1563,68.749537023127,117.97942386831,247.51777029555,2020-10-17T17:31:09.3073958,2020-10-17T17:31:09.3073958
"Ellipse",1563,68.749537023127,102.39181508147,138.2315270936,2020-10-17T17:31:09.3073958,2020-10-17T17:31:09.3073958
"Ellipse",1564,68.749537023127,118.15488215488,246.29704451927,2020-10-17T17:31:09.8078467,2020-10-17T17:31:09.8078467
"Ellipse",1564,68.749537023127,102.38802576734,138.18529746116,2020-10-17T17:31:09.8078467,2020-10-17T17:31:09.8078467
"Ellipse",1565,68.749537023127,117.90273101384,246.30041152263,2020-10-17T17:31:10.3183056,2020-10-17T17:31:10.3183056
"Ellipse",1565,68.749537023127,102.47517999242,138.40356195529,2020-10-17T17:31:10.3183056,2020-10-17T17:31:10.3183056
"Ellipse",1566,68.749537023127,118.3340815563,245.00486344931,2020-10-17T17:31:10.8177585,2020-10-17T17:31:10.8177585
"Ellipse",1566,68.749537023127,102.43728685108,138.15422508526,2020-10-17T17:31:10.8177585,2020-10-17T17:31:10.8177585
"Ellipse",1567,68.749537023127,118.14216236439,246.03067714179,2020-10-17T17:31:11.3061967,2020-10-17T17:31:11.3061967
"Ellipse",1567,68.749537023127,102.43804471391,137.91890867753,2020-10-17T17:31:11.3061967,2020-10-17T17:31:11.3061967
"Ellipse",1568,68.749537023127,118.0456416012,246.4227459783,2020-10-17T17:31:11.8076478,2020-10-17T17:31:11.8076478
"Ellipse",1568,68.749537023127,102.55627131489,138.36945812808,2020-10-17T17:31:11.8076478,2020-10-17T17:31:11.8076478
"Ellipse",1569,68.749537023127,118.10063598953,246.85521885522,2020-10-17T17:31:12.3070994,2020-10-17T17:31:12.3070994
"Ellipse",1569,68.749537023127,102.35126942024,138.33762788935,2020-10-17T17:31:12.3070994,2020-10-17T17:31:12.3070994
"Ellipse",1570,68.749537023127,117.93116348672,246.94500561167,2020-10-17T17:31:12.8105520,2020-10-17T17:31:12.8105520
"Ellipse",1570,68.749537023127,102.45092838196,138.61159530125,2020-10-17T17:31:12.8105520,2020-10-17T17:31:12.8105520
"Ellipse",1571,68.749537023127,117.73512906846,246.99027310138,2020-10-17T17:31:13.3069993,2020-10-17T17:31:13.3069993
"Ellipse",1571,68.749537023127,102.47896930656,138.24516862448,2020-10-17T17:31:13.3069993,2020-10-17T17:31:13.3069993
"Ellipse",1572,68.749537023127,117.63786008231,247.58810325477,2020-10-17T17:31:13.8124547,2020-10-17T17:31:13.8124547
"Ellipse",1572,68.749537023127,102.44789693066,138.34406972338,2020-10-17T17:31:13.8124547,2020-10-17T17:31:13.8124547
"Ellipse",1573,68.749537023127,117.92555181444,246.85783763562,2020-10-17T17:31:14.3069027,2020-10-17T17:31:14.3069027
"Ellipse",1573,68.749537023127,102.27320954907,138.51837817355,2020-10-17T17:31:14.3069027,2020-10-17T17:31:14.3069027
"Ellipse",1574,68.749537023127,117.99513655069,246.94799850355,2020-10-17T17:31:14.8093532,2020-10-17T17:31:14.8093532
"Ellipse",1574,68.749537023127,102.49791587723,138.32436528988,2020-10-17T17:31:14.8093532,2020-10-17T17:31:14.8093532
"Ellipse",1575,68.749537023127,117.83314627759,246.53909465021,2020-10-17T17:31:15.3168146,2020-10-17T17:31:15.3168146
"Ellipse",1575,68.749537023127,102.41341417204,138.58165971959,2020-10-17T17:31:15.3168146,2020-10-17T17:31:15.3168146
"Ellipse",1576,68.749537023127,117.83913206135,243.59334081556,2020-10-17T17:31:15.8092541,2020-10-17T17:31:15.8092541
"Ellipse",1576,68.749537023127,102.46722243274,137.93179234559,2020-10-17T17:31:15.8092541,2020-10-17T17:31:15.8092541
"Ellipse",1577,68.749537023127,117.50243172465,243.86719042275,2020-10-17T17:31:16.3137082,2020-10-17T17:31:16.3137082
"Ellipse",1577,68.749537023127,102.16824554756,138.31299734748,2020-10-17T17:31:16.3137082,2020-10-17T17:31:16.3137082
"Ellipse",1578,68.749537023127,117.79536101758,243.62439206884,2020-10-17T17:31:16.8091581,2020-10-17T17:31:16.8091581
"Ellipse",1578,68.749537023127,102.23758999621,137.87154225085,2020-10-17T17:31:16.8091581,2020-10-17T17:31:16.8091581
"Ellipse",1579,68.749537023127,117.65843621399,242.4912083801,2020-10-17T17:31:17.3116073,2020-10-17T17:31:17.3116073
"Ellipse",1579,68.749537023127,102.34558544903,137.9802955665,2020-10-17T17:31:17.3116073,2020-10-17T17:31:17.3116073
"Ellipse",1580,68.749537023127,117.75982042649,242.10325476992,2020-10-17T17:31:17.8080552,2020-10-17T17:31:17.8080552
"Ellipse",1580,68.749537023127,102.4293292914,138.51837817355,2020-10-17T17:31:17.8080552,2020-10-17T17:31:17.8080552
"Ellipse",1581,68.749537023127,117.80546202768,241.1215862327,2020-10-17T17:31:18.3065037,2020-10-17T17:31:18.3065037
"Ellipse",1581,68.749537023127,102.42819249716,137.95528609322,2020-10-17T17:31:18.3065037,2020-10-17T17:31:18.3065037
"Ellipse",1582,68.749537023127,117.43621399177,241.29330340442,2020-10-17T17:31:18.8099576,2020-10-17T17:31:18.8099576
"Ellipse",1582,68.749537023127,102.37135278515,137.98787419477,2020-10-17T17:31:18.8099576,2020-10-17T17:31:18.8099576
"Ellipse",1583,68.749537023127,117.38870183315,242.32323232323,2020-10-17T17:31:19.3074054,2020-10-17T17:31:19.3074054
"Ellipse",1583,68.749537023127,102.41379310345,138.27851458886,2020-10-17T17:31:19.3074054,2020-10-17T17:31:19.3074054
"Ellipse",1584,68.749537023127,117.2910587355,241.544332211,2020-10-17T17:31:19.8108594,2020-10-17T17:31:19.8108594
"Ellipse",1584,68.749537023127,102.38385752179,138.10572186434,2020-10-17T17:31:19.8108594,2020-10-17T17:31:19.8108594
"Ellipse",1585,68.749537023127,117.60793116349,240.88402543958,2020-10-17T17:31:20.3073063,2020-10-17T17:31:20.3073063
"Ellipse",1585,68.749537023127,102.40848806366,137.83478590375,2020-10-17T17:31:20.3073063,2020-10-17T17:31:20.3073063
"Ellipse",1586,68.749537023127,117.46090534979,240.72540216985,2020-10-17T17:31:20.8127668,2020-10-17T17:31:20.8127668
"Ellipse",1586,68.749537023127,102.30845017052,137.94732853354,2020-10-17T17:31:20.8127668,2020-10-17T17:31:20.8127668
"Ellipse",1587,68.749537023127,117.64010475122,240.45753834643,2020-10-17T17:31:21.3162179,2020-10-17T17:31:21.3162179
"Ellipse",1587,68.749537023127,102.4153088291,137.78325123153,2020-10-17T17:31:21.3162179,2020-10-17T17:31:21.3162179
"Ellipse",1588,68.749537023127,117.25701459035,241.41638608305,2020-10-17T17:31:21.8116617,2020-10-17T17:31:21.8116617
"Ellipse",1588,68.749537023127,102.40924592649,138.05229253505,2020-10-17T17:31:21.8116617,2020-10-17T17:31:21.8116617
"Ellipse",1589,68.749537023127,117.19453797232,241.9973812196,2020-10-17T17:31:22.3071113,2020-10-17T17:31:22.3071113
"Ellipse",1589,68.749537023127,102.31186055324,137.7063281546,2020-10-17T17:31:22.3071113,2020-10-17T17:31:22.3071113
"Ellipse",1590,68.749537023127,117.367003367,241.82192293303,2020-10-17T17:31:22.8095643,2020-10-17T17:31:22.8095643
"Ellipse",1590,68.749537023127,102.39749905267,137.76582038651,2020-10-17T17:31:22.8095643,2020-10-17T17:31:22.8095643
"Ellipse",1591,68.749537023127,117.67227833895,241.03703703704,2020-10-17T17:31:23.3070089,2020-10-17T17:31:23.3070089
"Ellipse",1591,68.749537023127,102.33762788935,137.7400530504,2020-10-17T17:31:23.3070089,2020-10-17T17:31:23.3070089
"Ellipse",1592,68.749537023127,117.45679012346,240.64459408904,2020-10-17T17:31:23.8104625,2020-10-17T17:31:23.8104625
"Ellipse",1592,68.749537023127,102.24213717317,137.81962864722,2020-10-17T17:31:23.8104625,2020-10-17T17:31:23.8104625
"Ellipse",1593,68.749537023127,117.43359521137,241.2962962963,2020-10-17T17:31:24.3079110,2020-10-17T17:31:24.3079110
"Ellipse",1593,68.749537023127,102.47025388405,138.00075786283,2020-10-17T17:31:24.3079110,2020-10-17T17:31:24.3079110
"Ellipse",1594,68.749537023127,117.37186681631,241.45342312009,2020-10-17T17:31:24.8073610,2020-10-17T17:31:24.8073610
"Ellipse",1594,68.749537023127,102.54338764684,137.96816976127,2020-10-17T17:31:24.8073610,2020-10-17T17:31:24.8073610
"Ellipse",1595,68.749537023127,117.34567901235,240.25963337075,2020-10-17T17:31:25.3078119,2020-10-17T17:31:25.3078119
"Ellipse",1595,68.749537023127,102.60325881016,137.76923076923,2020-10-17T17:31:25.3078119,2020-10-17T17:31:25.3078119
"Ellipse",1596,68.749537023127,117.34792368126,239.92592592593,2020-10-17T17:31:25.8122664,2020-10-17T17:31:25.8122664
"Ellipse",1596,68.749537023127,102.417961349,137.56839712012,2020-10-17T17:31:25.8122664,2020-10-17T17:31:25.8122664
"Ellipse",1597,68.749537023127,117.25514403292,239.07781518893,2020-10-17T17:31:26.3177215,2020-10-17T17:31:26.3177215
"Ellipse",1597,68.749537023127,102.5593027662,137.73588480485,2020-10-17T17:31:26.3177215,2020-10-17T17:31:26.3177215
"Ellipse",1598,68.749537023127,117.2581369248,240.26973438085,2020-10-17T17:31:26.8071628,2020-10-17T17:31:26.8071628
"Ellipse",1598,68.749537023127,102.3812050019,137.69268662372,2020-10-17T17:31:26.8071628,2020-10-17T17:31:26.8071628
"Ellipse",1599,68.749537023127,117.25551814441,239.50243172465,2020-10-17T17:31:27.3076140,2020-10-17T17:31:27.3076140
"Ellipse",1599,68.749537023127,102.35846911709,137.82076544146,2020-10-17T17:31:27.3076140,2020-10-17T17:31:27.3076140
"Ellipse",1600,68.749537023127,117.25439580995,239.56977179199,2020-10-17T17:31:27.8150747,2020-10-17T17:31:27.8150747
"Ellipse",1600,68.749537023127,102.26222053808,138.00719969686,2020-10-17T17:31:27.8150747,2020-10-17T17:31:27.8150747
"Ellipse",1601,68.749537023127,117.18181818182,239.28544706323,2020-10-17T17:31:28.3085205,2020-10-17T17:31:28.3085205
"Ellipse",1601,68.749537023127,102.51610458507,137.70670708602,2020-10-17T17:31:28.3085205,2020-10-17T17:31:28.3085205
"Ellipse",1602,68.749537023127,117.19453797232,239.34867190423,2020-10-17T17:31:28.8069642,2020-10-17T17:31:28.8069642
"Ellipse",1602,68.749537023127,102.31451307313,138.0367563471,2020-10-17T17:31:28.8069642,2020-10-17T17:31:28.8069642
"Ellipse",1603,68.749537023127,116.98802843247,239.60643471755,2020-10-17T17:31:29.3074151,2020-10-17T17:31:29.3074151
"Ellipse",1603,68.749537023127,102.36263736264,138.15422508526,2020-10-17T17:31:29.3074151,2020-10-17T17:31:29.3074151
"Ellipse",1604,68.749537023127,117.26000748223,239.62925551814,2020-10-17T17:31:29.8128705,2020-10-17T17:31:29.8128705
"Ellipse",1604,68.749537023127,102.41644562334,137.95642288746,2020-10-17T17:31:29.8128705,2020-10-17T17:31:29.8128705
"Ellipse",1605,68.749537023127,117.28731762065,238.77291432847,2020-10-17T17:31:30.3083168,2020-10-17T17:31:30.3083168
"Ellipse",1605,68.749537023127,102.39484653278,137.74801061008,2020-10-17T17:31:30.3083168,2020-10-17T17:31:30.3083168
"Ellipse",1606,68.749537023127,117.18892630004,238.70669659559,2020-10-17T17:31:30.8147751,2020-10-17T17:31:30.8147751
"Ellipse",1606,68.749537023127,102.41303524062,137.67601364153,2020-10-17T17:31:30.8147751,2020-10-17T17:31:30.8147751
"Ellipse",1607,68.749537023127,117.12607557052,239.1646090535,2020-10-17T17:31:31.3092209,2020-10-17T17:31:31.3092209
"Ellipse",1607,68.749537023127,102.40166729822,137.81849185298,2020-10-17T17:31:31.3092209,2020-10-17T17:31:31.3092209
"Ellipse",1608,68.749537023127,116.77291432847,239.52038907595,2020-10-17T17:31:31.8146740,2020-10-17T17:31:31.8146740
"Ellipse",1608,68.749537023127,102.37476316787,137.70367563471,2020-10-17T17:31:31.8146740,2020-10-17T17:31:31.8146740
"Ellipse",1609,68.749537023127,116.9569771792,238.25738870183,2020-10-17T17:31:32.3081186,2020-10-17T17:31:32.3081186
"Ellipse",1609,68.749537023127,102.50814702539,137.65479348238,2020-10-17T17:31:32.3081186,2020-10-17T17:31:32.3081186
"Ellipse",1610,68.749537023127,117.02805836139,239.13093901983,2020-10-17T17:31:32.8065702,2020-10-17T17:31:32.8065702
"Ellipse",1610,68.749537023127,102.36680560819,137.95680181887,2020-10-17T17:31:32.8065702,2020-10-17T17:31:32.8065702
"Ellipse",1611,68.749537023127,117.15862326973,237.68537224093,2020-10-17T17:31:33.3180330,2020-10-17T17:31:33.3180330
"Ellipse",1611,68.749537023127,102.4153088291,137.71504357711,2020-10-17T17:31:33.3180330,2020-10-17T17:31:33.3180330
"Ellipse",1612,68.749537023127,116.82828282828,238.06285072952,2020-10-17T17:31:33.8064685,2020-10-17T17:31:33.8064685
"Ellipse",1612,68.749537023127,102.36907919667,137.71807502842,2020-10-17T17:31:33.8064685,2020-10-17T17:31:33.8064685
"Ellipse",1613,68.749537023127,116.80433969323,237.81593714927,2020-10-17T17:31:34.3079223,2020-10-17T17:31:34.3079223
"Ellipse",1613,68.749537023127,102.36491095112,138.07805987116,2020-10-17T17:31:34.3079223,2020-10-17T17:31:34.3079223
"Ellipse",1614,68.749537023127,116.82416760195,237.3340815563,2020-10-17T17:31:34.8073706,2020-10-17T17:31:34.8073706
"Ellipse",1614,68.749537023127,102.46456991285,138.03145130731,2020-10-17T17:31:34.8073706,2020-10-17T17:31:34.8073706
"Ellipse",1615,68.749537023127,116.79685746352,238.16273849607,2020-10-17T17:31:35.3108239,2020-10-17T17:31:35.3108239
"Ellipse",1615,68.749537023127,102.39219401288,137.52936718454,2020-10-17T17:31:35.3108239,2020-10-17T17:31:35.3108239
"Ellipse",1616,68.749537023127,116.67414889637,237.11485222596,2020-10-17T17:31:35.8072728,2020-10-17T17:31:35.8072728
"Ellipse",1616,68.749537023127,102.43690791967,137.91322470633,2020-10-17T17:31:35.8072728,2020-10-17T17:31:35.8072728
"Ellipse",1617,68.749537023127,116.93640104751,236.76019453797,2020-10-17T17:31:36.3107270,2020-10-17T17:31:36.3107270
"Ellipse",1617,68.749537023127,102.47101174687,137.80863963623,2020-10-17T17:31:36.3107270,2020-10-17T17:31:36.3107270
"Ellipse",1618,68.749537023127,116.71717171717,237.07145529368,2020-10-17T17:31:36.8071743,2020-10-17T17:31:36.8071743
"Ellipse",1618,68.749537023127,102.43084501705,137.92876089428,2020-10-17T17:31:36.8071743,2020-10-17T17:31:36.8071743
"Ellipse",1619,68.749537023127,116.7089412645,237.27010849233,2020-10-17T17:31:37.3106301,2020-10-17T17:31:37.3106301
"Ellipse",1619,68.749537023127,102.3812050019,137.97536945813,2020-10-17T17:31:37.3106301,2020-10-17T17:31:37.3106301
"Ellipse",1620,68.749537023127,116.79274223719,237.24242424242,2020-10-17T17:31:37.8070729,2020-10-17T17:31:37.8070729
"Ellipse",1620,68.749537023127,102.27472527473,137.97385373247,2020-10-17T17:31:37.8070729,2020-10-17T17:31:37.8070729
"Ellipse",1621,68.749537023127,116.5873550318,237.90086045642,2020-10-17T17:31:38.3175344,2020-10-17T17:31:38.3175344
"Ellipse",1621,68.749537023127,102.49602122016,137.37021599091,2020-10-17T17:31:38.3175344,2020-10-17T17:31:38.3175344
"Ellipse",1622,68.749537023127,116.5873550318,237.14216236439,2020-10-17T17:31:38.8119783,2020-10-17T17:31:38.8119783
"Ellipse",1622,68.749537023127,102.47859037514,137.92118226601,2020-10-17T17:31:38.8119783,2020-10-17T17:31:38.8119783
"Ellipse",1623,68.749537023127,116.3191170969,237.14066591844,2020-10-17T17:31:39.3184349,2020-10-17T17:31:39.3184349
"Ellipse",1623,68.749537023127,102.27775672603,138.00644183403,2020-10-17T17:31:39.3184349,2020-10-17T17:31:39.3184349
"Ellipse",1624,68.749537023127,116.39468761691,236.16124205013,2020-10-17T17:31:39.8098774,2020-10-17T17:31:39.8098774
"Ellipse",1624,68.749537023127,102.4577491474,137.53694581281,2020-10-17T17:31:39.8098774,2020-10-17T17:31:39.8098774
"Ellipse",1625,68.749537023127,116.26861204639,237.06808829031,2020-10-17T17:31:40.3133310,2020-10-17T17:31:40.3133310
"Ellipse",1625,68.749537023127,102.32701780978,137.96854869269,2020-10-17T17:31:40.3133310,2020-10-17T17:31:40.3133310
"Ellipse",1626,68.749537023127,116.392442948,237.53011597456,2020-10-17T17:31:40.8107795,2020-10-17T17:31:40.8107795
"Ellipse",1626,68.749537023127,102.37135278515,137.76506252368,2020-10-17T17:31:40.8107795,2020-10-17T17:31:40.8107795
"Ellipse",1627,68.749537023127,116.23307145529,238.49307893752,2020-10-17T17:31:41.3142331,2020-10-17T17:31:41.3142331
"Ellipse",1627,68.749537023127,102.51875710496,138.14854111406,2020-10-17T17:31:41.3142331,2020-10-17T17:31:41.3142331
"Ellipse",1628,68.749537023127,116.36999625889,237.69547325103,2020-10-17T17:31:41.8206881,2020-10-17T17:31:41.8206881
"Ellipse",1628,68.749537023127,102.47783251232,137.79916635089,2020-10-17T17:31:41.8206881,2020-10-17T17:31:41.8206881
"Ellipse",1629,68.749537023127,116.26748971193,237.15375982043,2020-10-17T17:31:42.3201390,2020-10-17T17:31:42.3201390
"Ellipse",1629,68.749537023127,102.5054945055,138.03789314134,2020-10-17T17:31:42.3201390,2020-10-17T17:31:42.3201390
"Ellipse",1630,68.749537023127,116.29031051253,237.088664422,2020-10-17T17:31:42.8075788,2020-10-17T17:31:42.8075788
"Ellipse",1630,68.749537023127,102.41379310345,137.77491474043,2020-10-17T17:31:42.8075788,2020-10-17T17:31:42.8075788
"Ellipse",1631,68.749537023127,116.40852974186,236.86344930789,2020-10-17T17:31:43.3060273,2020-10-17T17:31:43.3060273
"Ellipse",1631,68.749537023127,102.43652898825,138.17279272452,2020-10-17T17:31:43.3060273,2020-10-17T17:31:43.3060273
"Ellipse",1632,68.749537023127,116.34642723532,236.68312757202,2020-10-17T17:31:43.8074794,2020-10-17T17:31:43.8074794
"Ellipse",1632,68.749537023127,102.40583554377,137.81394467601,2020-10-17T17:31:43.8074794,2020-10-17T17:31:43.8074794
"Ellipse",1633,68.749537023127,116.59932659933,236.23007856341,2020-10-17T17:31:44.3059281,2020-10-17T17:31:44.3059281
"Ellipse",1633,68.749537023127,102.52027283062,137.37893141341,2020-10-17T17:31:44.3059281,2020-10-17T17:31:44.3059281
"Ellipse",1634,68.749537023127,116.32996632997,236.56640478863,2020-10-17T17:31:44.8223935,2020-10-17T17:31:44.8223935
"Ellipse",1634,68.749537023127,102.35619552861,136.71921182266,2020-10-17T17:31:44.8223935,2020-10-17T17:31:44.8223935
"Ellipse",1635,68.749537023127,116.20314253648,236.65095398429,2020-10-17T17:31:45.3078311,2020-10-17T17:31:45.3078311
"Ellipse",1635,68.749537023127,102.24175824176,137.84009094354,2020-10-17T17:31:45.3078311,2020-10-17T17:31:45.3078311
"Ellipse",1636,68.749537023127,116.4986906098,235.86569397681,2020-10-17T17:31:45.8062796,2020-10-17T17:31:45.8062796
"Ellipse",1636,68.749537023127,102.3615005684,137.56763925729,2020-10-17T17:31:45.8062796,2020-10-17T17:31:45.8062796
"Ellipse",1637,68.749537023127,116.52076318743,235.84698840254,2020-10-17T17:31:46.3107344,2020-10-17T17:31:46.3107344
"Ellipse",1637,68.749537023127,102.45395983327,137.95566502463,2020-10-17T17:31:46.3107344,2020-10-17T17:31:46.3107344
"Ellipse",1638,68.749537023127,116.35166479611,235.97530864198,2020-10-17T17:31:46.8061798,2020-10-17T17:31:46.8061798
"Ellipse",1638,68.749537023127,102.40090943539,137.85070102312,2020-10-17T17:31:46.8061798,2020-10-17T17:31:46.8061798
"Ellipse",1639,68.749537023127,116.28170594837,236.31836887392,2020-10-17T17:31:47.3216452,2020-10-17T17:31:47.3216452
"Ellipse",1639,68.749537023127,102.44865479348,137.84046987495,2020-10-17T17:31:47.3216452,2020-10-17T17:31:47.3216452
"Ellipse",1640,68.749537023127,116.37261503928,235.50579872802,2020-10-17T17:31:47.8080835,2020-10-17T17:31:47.8080835
"Ellipse",1640,68.749537023127,102.46532777567,137.56081849185,2020-10-17T17:31:47.8080835,2020-10-17T17:31:47.8080835
"Ellipse",1641,68.749537023127,116.04377104377,235.37149270483,2020-10-17T17:31:48.3085337,2020-10-17T17:31:48.3085337
"Ellipse",1641,68.749537023127,102.24251610459,138.12656309208,2020-10-17T17:31:48.3085337,2020-10-17T17:31:48.3085337
"Ellipse",1642,68.749537023127,116.33108866442,234.47961092406,2020-10-17T17:31:48.8069837,2020-10-17T17:31:48.8069837
"Ellipse",1642,68.749537023127,102.37173171656,137.70935960591,2020-10-17T17:31:48.8069837,2020-10-17T17:31:48.8069837
"Ellipse",1643,68.749537023127,116.24130190797,234.81855592967,2020-10-17T17:31:49.3074343,2020-10-17T17:31:49.3074343
"Ellipse",1643,68.749537023127,102.51193633952,137.69874952634,2020-10-17T17:31:49.3074343,2020-10-17T17:31:49.3074343
"Ellipse",1644,68.749537023127,115.86980920314,234.71193415638,2020-10-17T17:31:49.8068843,2020-10-17T17:31:49.8068843
"Ellipse",1644,68.749537023127,102.38082607048,137.52860932171,2020-10-17T17:31:49.8068843,2020-10-17T17:31:49.8068843
"Ellipse",1645,68.749537023127,115.63598952488,234.46726524504,2020-10-17T17:31:50.3063333,2020-10-17T17:31:50.3063333
"Ellipse",1645,68.749537023127,102.43198181129,138.08980674498,2020-10-17T17:31:50.3063333,2020-10-17T17:31:50.3063333
"Ellipse",1646,68.749537023127,115.49644594089,235.45978301534,2020-10-17T17:31:50.8177954,2020-10-17T17:31:50.8177954
"Ellipse",1646,68.749537023127,102.44372868511,137.56612353164,2020-10-17T17:31:50.8177954,2020-10-17T17:31:50.8177954
"Ellipse",1647,68.749537023127,115.69921436588,234.68911335578,2020-10-17T17:31:51.3172489,2020-10-17T17:31:51.3172489
"Ellipse",1647,68.749537023127,102.43046608564,137.62864721485,2020-10-17T17:31:51.3172489,2020-10-17T17:31:51.3172489
"Ellipse",1648,68.749537023127,115.98877665544,235.41750841751,2020-10-17T17:31:51.8186965,2020-10-17T17:31:51.8186965
"Ellipse",1648,68.749537023127,102.33876468359,137.54187192118,2020-10-17T17:31:51.8186965,2020-10-17T17:31:51.8186965
"Ellipse",1649,68.749537023127,116.01646090535,234.91283202394,2020-10-17T17:31:52.3071369,2020-10-17T17:31:52.3071369
"Ellipse",1649,68.749537023127,102.64153088291,137.36491095112,2020-10-17T17:31:52.3071369,2020-10-17T17:31:52.3071369
"Ellipse",1650,68.749537023127,115.86120463898,235.00860456416,2020-10-17T17:31:52.8175968,2020-10-17T17:31:52.8175968
"Ellipse",1650,68.749537023127,102.36377415688,137.87230011368,2020-10-17T17:31:52.8175968,2020-10-17T17:31:52.8175968
"Ellipse",1651,68.749537023127,116.0101010101,234.61354283577,2020-10-17T17:31:53.3060369,2020-10-17T17:31:53.3060369
"Ellipse",1651,68.749537023127,102.33535430087,138.37248957939,2020-10-17T17:31:53.3060369,2020-10-17T17:31:53.3060369
"Ellipse",1652,68.749537023127,116.05274971942,233.29554807333,2020-10-17T17:31:53.8104914,2020-10-17T17:31:53.8104914
"Ellipse",1652,68.749537023127,102.23039029936,137.64342553998,2020-10-17T17:31:53.8104914,2020-10-17T17:31:53.8104914
"Ellipse",1653,68.749537023127,115.8911335578,232.89450056117,2020-10-17T17:31:54.3189498,2020-10-17T17:31:54.3189498
"Ellipse",1653,68.749537023127,102.44827586207,137.64001515726,2020-10-17T17:31:54.3189498,2020-10-17T17:31:54.3189498
"Ellipse",1654,68.749537023127,115.62476618032,233.47624392069,2020-10-17T17:31:54.8083914,2020-10-17T17:31:54.8083914
"Ellipse",1654,68.749537023127,102.38385752179,137.5790071997,2020-10-17T17:31:54.8083914,2020-10-17T17:31:54.8083914
"Ellipse",1655,68.749537023127,115.70295548073,232.84624017957,2020-10-17T17:31:55.3078411,2020-10-17T17:31:55.3078411
"Ellipse",1655,68.749537023127,102.40886699507,137.61879499811,2020-10-17T17:31:55.3078411,2020-10-17T17:31:55.3078411
"Ellipse",1656,68.749537023127,117.62957430919,242.90179238238,2020-10-17T17:31:55.8082965,2020-10-17T17:31:55.8082965
"Ellipse",1656,68.749537023127,102.36377415688,137.82910193255,2020-10-17T17:31:55.8082965,2020-10-17T17:31:55.8082965
"Ellipse",1657,68.749537023127,117.44884241972,242.97498132935,2020-10-17T17:31:56.3237586,2020-10-17T17:31:56.3237586
"Ellipse",1657,68.749537023127,102.25502084123,138.00189465707,2020-10-17T17:31:56.3237586,2020-10-17T17:31:56.3237586
"Ellipse",1658,68.749537023127,117.28976848394,242.7569081404,2020-10-17T17:31:56.8071980,2020-10-17T17:31:56.8071980
"Ellipse",1658,68.749537023127,102.50663129974,137.78590375142,2020-10-17T17:31:56.8071980,2020-10-17T17:31:56.8071980
"Ellipse",1659,68.749537023127,117.60194174757,242.07244212099,2020-10-17T17:31:57.3076428,2020-10-17T17:31:57.3076428
"Ellipse",1659,68.749537023127,102.35240621448,137.47707464949,2020-10-17T17:31:57.3076428,2020-10-17T17:31:57.3076428
"Ellipse",1660,68.749537023127,117.49365197909,242.06945481703,2020-10-17T17:31:57.8080921,2020-10-17T17:31:57.8080921
"Ellipse",1660,68.749537023127,102.49223190603,137.89693065555,2020-10-17T17:31:57.8080921,2020-10-17T17:31:57.8080921
"Ellipse",1661,68.749537023127,117.53958177745,242.08028379388,2020-10-17T17:31:58.3195539,2020-10-17T17:31:58.3195539
"Ellipse",1661,68.749537023127,102.28457749147,137.69117089807,2020-10-17T17:31:58.3195539,2020-10-17T17:31:58.3195539
"Ellipse",1662,68.749537023127,117.42681105303,241.9002987304,2020-10-17T17:31:58.8069934,2020-10-17T17:31:58.8069934
"Ellipse",1662,68.749537023127,102.52860932171,137.99280030315,2020-10-17T17:31:58.8069934,2020-10-17T17:31:58.8069934
"Ellipse",1663,68.749537023127,117.28267363704,241.16019417476,2020-10-17T17:31:59.3064434,2020-10-17T17:31:59.3064434
"Ellipse",1663,68.749537023127,102.56574460023,137.64948844259,2020-10-17T17:31:59.3064434,2020-10-17T17:31:59.3064434
"Ellipse",1664,68.749537023127,117.12098581031,240.80134428678,2020-10-17T17:31:59.8108975,2020-10-17T17:31:59.8108975
"Ellipse",1664,68.749537023127,102.28495642289,137.72262220538,2020-10-17T17:31:59.8108975,2020-10-17T17:31:59.8108975
"Ellipse",1665,68.749537023127,117.32524271845,240.27072442121,2020-10-17T17:32:00.3073493,2020-10-17T17:32:00.3073493
"Ellipse",1665,68.749537023127,102.28874573702,137.91474043198,2020-10-17T17:32:00.3073493,2020-10-17T17:32:00.3073493
"Ellipse",1666,68.749537023127,116.93353248693,240.08177744586,2020-10-17T17:32:00.8228102,2020-10-17T17:32:00.8228102
"Ellipse",1666,68.749537023127,102.417961349,137.93444486548,2020-10-17T17:32:00.8228102,2020-10-17T17:32:00.8228102
"Ellipse",1667,68.749537023127,116.99365197909,239.8360716953,2020-10-17T17:32:01.3082504,2020-10-17T17:32:01.3082504
"Ellipse",1667,68.749537023127,102.31602879879,137.69382341796,2020-10-17T17:32:01.3082504,2020-10-17T17:32:01.3082504
"Ellipse",1668,68.749537023127,116.5855115758,238.64002987304,2020-10-17T17:32:01.8207144,2020-10-17T17:32:01.8207144
"Ellipse",1668,68.749537023127,102.43577112543,137.44221295945,2020-10-17T17:32:01.8207144,2020-10-17T17:32:01.8207144
"Ellipse",1669,68.749537023127,116.39917849141,238.07318894698,2020-10-17T17:32:02.3161614,2020-10-17T17:32:02.3161614
"Ellipse",1669,68.749537023127,102.34406972338,137.44751799924,2020-10-17T17:32:02.3161614,2020-10-17T17:32:02.3161614
"Ellipse",1670,68.749537023127,115.857356236,237.42307692308,2020-10-17T17:32:02.8116046,2020-10-17T17:32:02.8116046
"Ellipse",1670,68.749537023127,102.47480106101,137.63433118606,2020-10-17T17:32:02.8116046,2020-10-17T17:32:02.8116046
"Ellipse",1671,68.749537023127,115.69753547424,235.05937266617,2020-10-17T17:32:03.3170603,2020-10-17T17:32:03.3170603
"Ellipse",1671,68.749537023127,102.62410003789,137.40204622963,2020-10-17T17:32:03.3170603,2020-10-17T17:32:03.3170603
"Ellipse",1672,68.749537023127,115.52053771471,235.09335324869,2020-10-17T17:32:03.8085053,2020-10-17T17:32:03.8085053
"Ellipse",1672,68.749537023127,102.514209928,137.25047366427,2020-10-17T17:32:03.8085053,2020-10-17T17:32:03.8085053
"Ellipse",1673,68.749537023127,115.22106049291,234.37415982076,2020-10-17T17:32:04.3069499,2020-10-17T17:32:04.3069499
"Ellipse",1673,68.749537023127,102.38802576734,137.44979158772,2020-10-17T17:32:04.3069499,2020-10-17T17:32:04.3069499
"Ellipse",1674,68.749537023127,115.38685586258,233.27931292009,2020-10-17T17:32:04.8074008,2020-10-17T17:32:04.8074008
"Ellipse",1674,68.749537023127,102.19249715801,137.77226222054,2020-10-17T17:32:04.8074008,2020-10-17T17:32:04.8074008
"Ellipse",1675,68.749537023127,115.31030619866,232.3356982823,2020-10-17T17:32:05.3108528,2020-10-17T17:32:05.3108528
"Ellipse",1675,68.749537023127,102.35164835165,137.60780598712,2020-10-17T17:32:05.3108528,2020-10-17T17:32:05.3108528
"Ellipse",1676,68.749537023127,115.08961911875,232.26923076923,2020-10-17T17:32:05.8062995,2020-10-17T17:32:05.8062995
"Ellipse",1676,68.749537023127,102.33800682077,137.46456991285,2020-10-17T17:32:05.8062995,2020-10-17T17:32:05.8062995
"Ellipse",1677,68.749537023127,115.1288274832,233.16094100075,2020-10-17T17:32:06.3167591,2020-10-17T17:32:06.3167591
"Ellipse",1677,68.749537023127,102.41189844638,137.83743842365,2020-10-17T17:32:06.3167591,2020-10-17T17:32:06.3167591
"Ellipse",1678,68.749537023127,115.02539208365,232.07244212099,2020-10-17T17:32:06.8092027,2020-10-17T17:32:06.8092027
"Ellipse",1678,68.749537023127,102.48351648352,137.76998863206,2020-10-17T17:32:06.8092027,2020-10-17T17:32:06.8092027
"Ellipse",1679,68.749537023127,114.92755787901,230.97647498133,2020-10-17T17:32:07.3206639,2020-10-17T17:32:07.3206639
"Ellipse",1679,68.749537023127,102.38916256158,138.33649109511,2020-10-17T17:32:07.3206639,2020-10-17T17:32:07.3206639
"Ellipse",1680,68.749537023127,114.47572815534,231.54854368932,2020-10-17T17:32:07.8061012,2020-10-17T17:32:07.8061012
"Ellipse",1680,68.749537023127,102.52065176203,137.69912845775,2020-10-17T17:32:07.8061012,2020-10-17T17:32:07.8061012
"Ellipse",1681,68.749537023127,114.50485436893,231.39171023152,2020-10-17T17:32:08.3095545,2020-10-17T17:32:08.3095545
"Ellipse",1681,68.749537023127,102.32625994695,137.92989768852,2020-10-17T17:32:08.3095545,2020-10-17T17:32:08.3095545
"Ellipse",1682,68.749537023127,114.56609410008,229.81030619866,2020-10-17T17:32:08.8060011,2020-10-17T17:32:08.8060011
"Ellipse",1682,68.749537023127,102.41720348617,138.01515725654,2020-10-17T17:32:08.8060011,2020-10-17T17:32:08.8060011
"Ellipse",1683,68.749537023127,114.75802837939,229.70537714713,2020-10-17T17:32:09.3094554,2020-10-17T17:32:09.3094554
"Ellipse",1683,68.749537023127,102.30314513073,137.7089806745,2020-10-17T17:32:09.3094554,2020-10-17T17:32:09.3094554
"Ellipse",1684,68.749537023127,114.61949215833,229.39693801344,2020-10-17T17:32:09.8119081,2020-10-17T17:32:09.8119081
"Ellipse",1684,68.749537023127,102.25805229254,137.62826828344,2020-10-17T17:32:09.8119081,2020-10-17T17:32:09.8119081
"Ellipse",1685,68.749537023127,114.5074682599,229.22778192681,2020-10-17T17:32:10.3073544,2020-10-17T17:32:10.3073544
"Ellipse",1685,68.749537023127,102.21068586586,137.5452823039,2020-10-17T17:32:10.3073544,2020-10-17T17:32:10.3073544
"Ellipse",1686,68.749537023127,114.64936519791,229.48693054518,2020-10-17T17:32:10.8078053,2020-10-17T17:32:10.8078053
"Ellipse",1686,68.749537023127,102.53315649867,137.54641909814,2020-10-17T17:32:10.8078053,2020-10-17T17:32:10.8078053
"Ellipse",1687,68.749537023127,114.68110530247,228.53211351755,2020-10-17T17:32:11.3082588,2020-10-17T17:32:11.3082588
"Ellipse",1687,68.749537023127,102.48275862069,137.60477453581,2020-10-17T17:32:11.3082588,2020-10-17T17:32:11.3082588
"Ellipse",1688,68.749537023127,114.43502613891,229.32636295743,2020-10-17T17:32:11.8137119,2020-10-17T17:32:11.8137119
"Ellipse",1688,68.749537023127,102.35505873437,138.30769230769,2020-10-17T17:32:11.8137119,2020-10-17T17:32:11.8137119
"Ellipse",1689,68.749537023127,114.48394324123,229.20649738611,2020-10-17T17:32:12.3141615,2020-10-17T17:32:12.3141615
"Ellipse",1689,68.749537023127,102.43311860553,137.96513830997,2020-10-17T17:32:12.3141615,2020-10-17T17:32:12.3141615
"Ellipse",1690,68.749537023127,114.5074682599,230.23375653473,2020-10-17T17:32:12.8086115,2020-10-17T17:32:12.8086115
"Ellipse",1690,68.749537023127,102.31716559303,137.76733611216,2020-10-17T17:32:12.8086115,2020-10-17T17:32:12.8086115
"Ellipse",1691,68.749537023127,114.17550410754,230.58401792382,2020-10-17T17:32:13.3100598,2020-10-17T17:32:13.3100598
"Ellipse",1691,68.749537023127,102.40507768094,137.82644941266,2020-10-17T17:32:13.3100598,2020-10-17T17:32:13.3100598
"Ellipse",1692,68.749537023127,114.61650485437,229.80545182972,2020-10-17T17:32:13.8075079,2020-10-17T17:32:13.8075079
"Ellipse",1692,68.749537023127,102.42857142857,137.55551345207,2020-10-17T17:32:13.8075079,2020-10-17T17:32:13.8075079
"Ellipse",1693,68.749537023127,114.38125466766,229.6859596714,2020-10-17T17:32:14.3069579,2020-10-17T17:32:14.3069579
"Ellipse",1693,68.749537023127,102.3615005684,137.55740810913,2020-10-17T17:32:14.3069579,2020-10-17T17:32:14.3069579
"Ellipse",1694,68.749537023127,114.65384615385,229.83868558626,2020-10-17T17:32:14.8074139,2020-10-17T17:32:14.8074139
"Ellipse",1694,68.749537023127,102.41000378931,137.83213338386,2020-10-17T17:32:14.8074139,2020-10-17T17:32:14.8074139
"Ellipse",1695,68.749537023127,114.36855862584,230.46900672143,2020-10-17T17:32:15.3088664,2020-10-17T17:32:15.3088664
"Ellipse",1695,68.749537023127,102.33080712391,138.1186055324,2020-10-17T17:32:15.3088664,2020-10-17T17:32:15.3088664
"Ellipse",1696,68.749537023127,114.52091112771,229.96228528753,2020-10-17T17:32:15.8103117,2020-10-17T17:32:15.8103117
"Ellipse",1696,68.749537023127,102.39712012126,138.00151572565,2020-10-17T17:32:15.8103117,2020-10-17T17:32:15.8103117
"Ellipse",1697,68.749537023127,114.3356982823,230.75802837939,2020-10-17T17:32:16.3167716,2020-10-17T17:32:16.3167716
"Ellipse",1697,68.749537023127,102.50018946571,137.66312997348,2020-10-17T17:32:16.3167716,2020-10-17T17:32:16.3167716
"Ellipse",1698,68.749537023127,114.57766990291,231.84727408514,2020-10-17T17:32:16.8062106,2020-10-17T17:32:16.8062106
"Ellipse",1698,68.749537023127,102.36225843122,138.17165593028,2020-10-17T17:32:16.8062106,2020-10-17T17:32:16.8062106
"Ellipse",1699,68.749537023127,114.57617625093,230.23749066468,2020-10-17T17:32:17.3216741,2020-10-17T17:32:17.3216741
"Ellipse",1699,68.749537023127,102.44524441076,137.7032967033,2020-10-17T17:32:17.3216741,2020-10-17T17:32:17.3216741
"Ellipse",1700,68.749537023127,114.52763256161,230.00074682599,2020-10-17T17:32:17.8061105,2020-10-17T17:32:17.8061105
"Ellipse",1700,68.749537023127,102.65479348238,137.75786282683,2020-10-17T17:32:17.8061105,2020-10-17T17:32:17.8061105
"Ellipse",1701,68.749537023127,114.5926064227,228.95668409261,2020-10-17T17:32:18.3095660,2020-10-17T17:32:18.3095660
"Ellipse",1701,68.749537023127,102.32284956423,137.79120879121,2020-10-17T17:32:18.3095660,2020-10-17T17:32:18.3095660
"Ellipse",1702,68.749537023127,114.39843166542,229.1930545183,2020-10-17T17:32:18.8070133,2020-10-17T17:32:18.8070133
"Ellipse",1702,68.749537023127,102.37817355059,138.09208033346,2020-10-17T17:32:18.8070133,2020-10-17T17:32:18.8070133
"Ellipse",1703,68.749537023127,114.47236743839,228.83681852129,2020-10-17T17:32:19.3074632,2020-10-17T17:32:19.3074632
"Ellipse",1703,68.749537023127,102.61652140963,138.16407730201,2020-10-17T17:32:19.3074632,2020-10-17T17:32:19.3074632
"Ellipse",1704,68.749537023127,114.2498132935,228.9641523525,2020-10-17T17:32:19.8139195,2020-10-17T17:32:19.8139195
"Ellipse",1704,68.749537023127,102.38764683592,137.93330807124,2020-10-17T17:32:19.8139195,2020-10-17T17:32:19.8139195
"Ellipse",1705,68.749537023127,114.31142643764,228.82710978342,2020-10-17T17:32:20.3083650,2020-10-17T17:32:20.3083650
"Ellipse",1705,68.749537023127,102.39749905267,138.1724137931,2020-10-17T17:32:20.3083650,2020-10-17T17:32:20.3083650
"Ellipse",1706,68.749537023127,114.22367438387,228.99439880508,2020-10-17T17:32:20.8078169,2020-10-17T17:32:20.8078169
"Ellipse",1706,68.749537023127,102.54414550966,137.99166350891,2020-10-17T17:32:20.8078169,2020-10-17T17:32:20.8078169
"Ellipse",1707,68.749537023127,114.1643017177,228.72815533981,2020-10-17T17:32:21.3062660,2020-10-17T17:32:21.3062660
"Ellipse",1707,68.749537023127,102.4717696097,138.15195149678,2020-10-17T17:32:21.3062660,2020-10-17T17:32:21.3062660
"Ellipse",1708,68.749537023127,117.65113678718,244.90905702572,2020-10-17T17:32:21.8187270,2020-10-17T17:32:21.8187270
"Ellipse",1708,68.749537023127,102.44448654794,138.06517620311,2020-10-17T17:32:21.8187270,2020-10-17T17:32:21.8187270
"Ellipse",1709,68.749537023127,117.5072679836,244.58777487887,2020-10-17T17:32:22.3061655,2020-10-17T17:32:22.3061655
"Ellipse",1709,68.749537023127,102.4914740432,138.13868889731,2020-10-17T17:32:22.3061655,2020-10-17T17:32:22.3061655
"Ellipse",1710,68.749537023127,117.48900484532,246.12113306001,2020-10-17T17:32:22.8076199,2020-10-17T17:32:22.8076199
"Ellipse",1710,68.749537023127,102.40545661235,138.43842364532,2020-10-17T17:32:22.8076199,2020-10-17T17:32:22.8076199
"Ellipse",1711,68.749537023127,117.58255683936,246.57696608274,2020-10-17T17:32:23.3060690,2020-10-17T17:32:23.3060690
"Ellipse",1711,68.749537023127,102.37476316787,138.19704433498,2020-10-17T17:32:23.3060690,2020-10-17T17:32:23.3060690
"Ellipse",1712,68.749537023127,117.59783824078,251.65262765561,2020-10-17T17:32:23.8085201,2020-10-17T17:32:23.8085201
"Ellipse",1712,68.749537023127,102.38044713907,139,2020-10-17T17:32:23.8085201,2020-10-17T17:32:23.8085201
"Ellipse",1713,68.749537023127,118.02720834886,251.01826313828,2020-10-17T17:32:24.3059695,2020-10-17T17:32:24.3059695
"Ellipse",1713,68.749537023127,102.25653656688,138.89806744979,2020-10-17T17:32:24.3059695,2020-10-17T17:32:24.3059695
"Ellipse",1714,68.749537023127,117.66343645173,251.57510249721,2020-10-17T17:32:24.8104234,2020-10-17T17:32:24.8104234
"Ellipse",1714,68.749537023127,102.49374763168,139.23001136794,2020-10-17T17:32:24.8104234,2020-10-17T17:32:24.8104234
"Ellipse",1715,68.749537023127,117.53783078643,253.40998881849,2020-10-17T17:32:25.3088773,2020-10-17T17:32:25.3088773
"Ellipse",1715,68.749537023127,102.44372868511,139.10306934445,2020-10-17T17:32:25.3088773,2020-10-17T17:32:25.3088773
"Ellipse",1716,68.749537023127,117.47074170704,253.21170331718,2020-10-17T17:32:25.8073193,2020-10-17T17:32:25.8073193
"Ellipse",1716,68.749537023127,102.44789693066,138.85903751421,2020-10-17T17:32:25.8073193,2020-10-17T17:32:25.8073193
"Ellipse",1717,68.749537023127,117.59672008945,253.28140141633,2020-10-17T17:32:26.3237856,2020-10-17T17:32:26.3237856
"Ellipse",1717,68.749537023127,102.4971580144,138.50132625995,2020-10-17T17:32:26.3237856,2020-10-17T17:32:26.3237856
"Ellipse",1718,68.749537023127,117.83786805814,253.22586656728,2020-10-17T17:32:26.8082214,2020-10-17T17:32:26.8082214
"Ellipse",1718,68.749537023127,102.59568018189,138.92269799166,2020-10-17T17:32:26.8082214,2020-10-17T17:32:26.8082214
"Ellipse",1719,68.749537023127,117.46738725308,253.76593365636,2020-10-17T17:32:27.3076711,2020-10-17T17:32:27.3076711
"Ellipse",1719,68.749537023127,102.56119742327,139.16521409625,2020-10-17T17:32:27.3076711,2020-10-17T17:32:27.3076711
"Ellipse",1720,68.749537023127,117.18449496832,253.49944092434,2020-10-17T17:32:27.8171301,2020-10-17T17:32:27.8171301
"Ellipse",1720,68.749537023127,102.39446760136,138.8813944676,2020-10-17T17:32:27.8171301,2020-10-17T17:32:27.8171301
"Ellipse",1721,68.749537023127,116.92098397316,252.49310473351,2020-10-17T17:32:28.3075748,2020-10-17T17:32:28.3075748
"Ellipse",1721,68.749537023127,102.37438423645,138.93596059113,2020-10-17T17:32:28.3075748,2020-10-17T17:32:28.3075748
"Ellipse",1722,68.749537023127,117.43272456206,252.68729034663,2020-10-17T17:32:28.8070271,2020-10-17T17:32:28.8070271
"Ellipse",1722,68.749537023127,102.48920045472,139.11519514968,2020-10-17T17:32:28.8070271,2020-10-17T17:32:28.8070271
"Ellipse",1723,68.749537023127,117.1256056653,252.69921729407,2020-10-17T17:32:29.3064719,2020-10-17T17:32:29.3064719
"Ellipse",1723,68.749537023127,102.3842364532,138.89124668435,2020-10-17T17:32:29.3064719,2020-10-17T17:32:29.3064719
"Ellipse",1724,68.749537023127,117.048453224,253.27506522549,2020-10-17T17:32:29.8079263,2020-10-17T17:32:29.8079263
"Ellipse",1724,68.749537023127,102.5395983327,138.92572944297,2020-10-17T17:32:29.8079263,2020-10-17T17:32:29.8079263
"Ellipse",1725,68.749537023127,117.12225121133,252.80842340663,2020-10-17T17:32:30.3063750,2020-10-17T17:32:30.3063750
"Ellipse",1725,68.749537023127,102.46305418719,138.99734748011,2020-10-17T17:32:30.3063750,2020-10-17T17:32:30.3063750
"Ellipse",1726,68.749537023127,117.28177413343,252.70928065598,2020-10-17T17:32:30.8138300,2020-10-17T17:32:30.8138300
"Ellipse",1726,68.749537023127,102.45509662751,138.93482379689,2020-10-17T17:32:30.8138300,2020-10-17T17:32:30.8138300
"Ellipse",1727,68.749537023127,116.91502049944,253.27879239657,2020-10-17T17:32:31.3092764,2020-10-17T17:32:31.3092764
"Ellipse",1727,68.749537023127,102.34482758621,138.92421371732,2020-10-17T17:32:31.3092764,2020-10-17T17:32:31.3092764
"Ellipse",1728,68.749537023127,116.86023108461,252.16958628401,2020-10-17T17:32:31.8227390,2020-10-17T17:32:31.8227390
"Ellipse",1728,68.749537023127,102.54566123532,138.3417961349,2020-10-17T17:32:31.8227390,2020-10-17T17:32:31.8227390
"Ellipse",1729,68.749537023127,116.89452105852,250.80395080134,2020-10-17T17:32:32.3061761,2020-10-17T17:32:32.3061761
"Ellipse",1729,68.749537023127,102.53505115574,138.55248200076,2020-10-17T17:32:32.3061761,2020-10-17T17:32:32.3061761
"Ellipse",1730,68.749537023127,116.94073797987,249.5702571748,2020-10-17T17:32:32.8076289,2020-10-17T17:32:32.8076289
"Ellipse",1730,68.749537023127,102.42516104585,138.51193633952,2020-10-17T17:32:32.8076289,2020-10-17T17:32:32.8076289
"Ellipse",1731,68.749537023127,116.70219903094,250.34103615356,2020-10-17T17:32:33.3140829,2020-10-17T17:32:33.3140829
"Ellipse",1731,68.749537023127,102.52140962486,138.44297082228,2020-10-17T17:32:33.3140829,2020-10-17T17:32:33.3140829
"Ellipse",1732,68.749537023127,116.49310473351,248.95452851286,2020-10-17T17:32:33.8105289,2020-10-17T17:32:33.8105289
"Ellipse",1732,68.749537023127,102.47480106101,138.5509662751,2020-10-17T17:32:33.8105289,2020-10-17T17:32:33.8105289
"Ellipse",1733,68.749537023127,116.52515840477,248.00670890794,2020-10-17T17:32:34.3069797,2020-10-17T17:32:34.3069797
"Ellipse",1733,68.749537023127,102.49450549451,138.15687760515,2020-10-17T17:32:34.3069797,2020-10-17T17:32:34.3069797
"Ellipse",1734,68.749537023127,116.76407007082,248.31047335073,2020-10-17T17:32:34.8144347,2020-10-17T17:32:34.8144347
"Ellipse",1734,68.749537023127,102.43956043956,138.67070860174,2020-10-17T17:32:34.8144347,2020-10-17T17:32:34.8144347
"Ellipse",1735,68.749537023127,116.5314945956,247.77487886694,2020-10-17T17:32:35.3088798,2020-10-17T17:32:35.3088798
"Ellipse",1735,68.749537023127,102.4604016673,138.35354300872,2020-10-17T17:32:35.3088798,2020-10-17T17:32:35.3088798
"Ellipse",1736,68.749537023127,116.45471487141,248.15989563921,2020-10-17T17:32:35.8183388,2020-10-17T17:32:35.8183388
"Ellipse",1736,68.749537023127,102.39484653278,138.38158393331,2020-10-17T17:32:35.8183388,2020-10-17T17:32:35.8183388
"Ellipse",1737,68.749537023127,116.59560193813,248.70331718226,2020-10-17T17:32:36.3167879,2020-10-17T17:32:36.3167879
"Ellipse",1737,68.749537023127,102.34369079197,138.50776809398,2020-10-17T17:32:36.3167879,2020-10-17T17:32:36.3167879
"Ellipse",1738,68.749537023127,117.06075288856,248.80395080134,2020-10-17T17:32:36.8102325,2020-10-17T17:32:36.8102325
"Ellipse",1738,68.749537023127,102.48200075786,138.19666540356,2020-10-17T17:32:36.8102325,2020-10-17T17:32:36.8102325
"Ellipse",1739,68.749537023127,116.70965337309,249.37607156169,2020-10-17T17:32:37.3226942,2020-10-17T17:32:37.3226942
"Ellipse",1739,68.749537023127,102.46456991285,138.71049640015,2020-10-17T17:32:37.3226942,2020-10-17T17:32:37.3226942
"Ellipse",1740,68.749537023127,116.51621319419,250.50689526649,2020-10-17T17:32:37.8071339,2020-10-17T17:32:37.8071339
"Ellipse",1740,68.749537023127,102.45054945055,138.47896930656,2020-10-17T17:32:37.8071339,2020-10-17T17:32:37.8071339
"Ellipse",1741,68.749537023127,116.63548266865,250.90756615729,2020-10-17T17:32:38.3075816,2020-10-17T17:32:38.3075816
"Ellipse",1741,68.749537023127,102.31261841607,138.29177718833,2020-10-17T17:32:38.3075816,2020-10-17T17:32:38.3075816
"Ellipse",1742,68.749537023127,116.76183376817,249.82482295937,2020-10-17T17:32:38.8190424,2020-10-17T17:32:38.8190424
"Ellipse",1742,68.749537023127,102.43539219401,138.28760894278,2020-10-17T17:32:38.8190424,2020-10-17T17:32:38.8190424
"Ellipse",1743,68.749537023127,116.51584047708,248.77450614983,2020-10-17T17:32:39.3084837,2020-10-17T17:32:39.3084837
"Ellipse",1743,68.749537023127,102.55475558924,138.39408866995,2020-10-17T17:32:39.3084837,2020-10-17T17:32:39.3084837
"Ellipse",1744,68.749537023127,116.54863958256,250.18524040253,2020-10-17T17:32:39.8179423,2020-10-17T17:32:39.8179423
"Ellipse",1744,68.749537023127,102.50511557408,138.46343311861,2020-10-17T17:32:39.8179423,2020-10-17T17:32:39.8179423
"Ellipse",1745,68.749537023127,116.56690272084,249.19381289601,2020-10-17T17:32:40.3103863,2020-10-17T17:32:40.3103863
"Ellipse",1745,68.749537023127,102.43956043956,138.67449791588,2020-10-17T17:32:40.3103863,2020-10-17T17:32:40.3103863
"Ellipse",1746,68.749537023127,116.31531867313,249.487886694,2020-10-17T17:32:40.8078342,2020-10-17T17:32:40.8078342
"Ellipse",1746,68.749537023127,102.33270178098,138.44676013642,2020-10-17T17:32:40.8078342,2020-10-17T17:32:40.8078342
"Ellipse",1747,68.749537023127,116.21170331718,248.60715616847,2020-10-17T17:32:41.3072845,2020-10-17T17:32:41.3072845
"Ellipse",1747,68.749537023127,102.3361121637,137.98673740053,2020-10-17T17:32:41.3072845,2020-10-17T17:32:41.3072845
"Ellipse",1748,68.749537023127,116.20163995527,248.22325754752,2020-10-17T17:32:41.8227476,2020-10-17T17:32:41.8227476
"Ellipse",1748,68.749537023127,102.31678666161,138.10306934445,2020-10-17T17:32:41.8227476,2020-10-17T17:32:41.8227476
"Ellipse",1749,68.749537023127,116.19604919866,246.83749534104,2020-10-17T17:32:42.3201981,2020-10-17T17:32:42.3201981
"Ellipse",1749,68.749537023127,102.44486547935,138.31110269041,2020-10-17T17:32:42.3201981,2020-10-17T17:32:42.3201981
"Ellipse",1750,68.749537023127,116.02497204622,246.30860976519,2020-10-17T17:32:42.8076385,2020-10-17T17:32:42.8076385
"Ellipse",1750,68.749537023127,102.53884046988,138.14702538841,2020-10-17T17:32:42.8076385,2020-10-17T17:32:42.8076385
"Ellipse",1751,68.749537023127,115.76667909057,245.98210957883,2020-10-17T17:32:43.3070862,2020-10-17T17:32:43.3070862
"Ellipse",1751,68.749537023127,102.40431981811,138.62296324365,2020-10-17T17:32:43.3070862,2020-10-17T17:32:43.3070862
"Ellipse",1752,68.749537023127,115.36004472605,248.01528140142,2020-10-17T17:32:43.8135422,2020-10-17T17:32:43.8135422
"Ellipse",1752,68.749537023127,102.27510420614,138.19893899204,2020-10-17T17:32:43.8135422,2020-10-17T17:32:43.8135422
"Ellipse",1753,68.749537023127,115.70667163623,246.85054043981,2020-10-17T17:32:44.3089886,2020-10-17T17:32:44.3089886
"Ellipse",1753,68.749537023127,102.35164835165,138.19666540356,2020-10-17T17:32:44.3089886,2020-10-17T17:32:44.3089886
"Ellipse",1754,68.749537023127,115.95676481551,247.01975400671,2020-10-17T17:32:44.8134431,2020-10-17T17:32:44.8134431
"Ellipse",1754,68.749537023127,102.4801061008,138.55702917772,2020-10-17T17:32:44.8134431,2020-10-17T17:32:44.8134431
"Ellipse",1755,68.749537023127,115.57659336564,246.82556839359,2020-10-17T17:32:45.3098904,2020-10-17T17:32:45.3098904
"Ellipse",1755,68.749537023127,102.51458885942,138.49677908299,2020-10-17T17:32:45.3098904,2020-10-17T17:32:45.3098904
"Ellipse",1756,68.749537023127,115.695490123,247.40477077898,2020-10-17T17:32:45.8103406,2020-10-17T17:32:45.8103406
"Ellipse",1756,68.749537023127,102.45547555892,138.61462675256,2020-10-17T17:32:45.8103406,2020-10-17T17:32:45.8103406
"Ellipse",1757,68.749537023127,115.69511740589,247.30600074543,2020-10-17T17:32:46.3127930,2020-10-17T17:32:46.3127930
"Ellipse",1757,68.749537023127,102.27699886321,138.63129973475,2020-10-17T17:32:46.3127930,2020-10-17T17:32:46.3127930
"Ellipse",1758,68.749537023127,115.3089824823,247.51509504286,2020-10-17T17:32:46.8072394,2020-10-17T17:32:46.8072394
"Ellipse",1758,68.749537023127,102.42288745737,138.13641530883,2020-10-17T17:32:46.8072394,2020-10-17T17:32:46.8072394
"Ellipse",1759,68.749537023127,115.06522549385,247.57584793142,2020-10-17T17:32:47.3176993,2020-10-17T17:32:47.3176993
"Ellipse",1759,68.749537023127,102.46494884426,138.04736642668,2020-10-17T17:32:47.3176993,2020-10-17T17:32:47.3176993
"Ellipse",1760,68.749537023127,115.02832650019,246.58814759598,2020-10-17T17:32:47.8071406,2020-10-17T17:32:47.8071406
"Ellipse",1760,68.749537023127,102.30731337628,138.29784009094,2020-10-17T17:32:47.8071406,2020-10-17T17:32:47.8071406
"Ellipse",1761,68.749537023127,115.03130823705,245.66939992546,2020-10-17T17:32:48.3186011,2020-10-17T17:32:48.3186011
"Ellipse",1761,68.749537023127,102.42781356575,138.20538082607,2020-10-17T17:32:48.3186011,2020-10-17T17:32:48.3186011
"Ellipse",1762,68.749537023127,115.09914275065,245.78904211703,2020-10-17T17:32:48.8060403,2020-10-17T17:32:48.8060403
"Ellipse",1762,68.749537023127,102.42629784009,138.50587343691,2020-10-17T17:32:48.8060403,2020-10-17T17:32:48.8060403
"Ellipse",1763,68.749537023127,114.94073797987,244.81923220276,2020-10-17T17:32:49.3945702,2020-10-17T17:32:49.3945702
"Ellipse",1763,68.749537023127,102.57749147404,138.65706707086,2020-10-17T17:32:49.3945702,2020-10-17T17:32:49.3945702
"Ellipse",1764,68.749537023127,115.80890052356,251.7569184742,2020-10-17T17:32:49.8069420,2020-10-17T17:32:49.8069420
"Ellipse",1764,68.749537023127,102.33649109511,138.53239863585,2020-10-17T17:32:49.8069420,2020-10-17T17:32:49.8069420
"Ellipse",1765,68.749537023127,115.92969334331,252.48691099476,2020-10-17T17:32:50.3073929,2020-10-17T17:32:50.3073929
"Ellipse",1765,68.749537023127,102.38499431603,138.35771125426,2020-10-17T17:32:50.3073929,2020-10-17T17:32:50.3073929
"Ellipse",1766,68.749537023127,115.59237097981,253.29768137622,2020-10-17T17:32:50.8078441,2020-10-17T17:32:50.8078441
"Ellipse",1766,68.749537023127,102.56271314892,138.60098522168,2020-10-17T17:32:50.8078441,2020-10-17T17:32:50.8078441
"Ellipse",1767,68.749537023127,115.41361256545,252.52206432311,2020-10-17T17:32:51.3092956,2020-10-17T17:32:51.3092956
"Ellipse",1767,68.749537023127,102.54300871542,138.62296324365,2020-10-17T17:32:51.3092956,2020-10-17T17:32:51.3092956
"Ellipse",1768,68.749537023127,115.34293193717,250.3698578908,2020-10-17T17:32:51.8207567,2020-10-17T17:32:51.8207567
"Ellipse",1768,68.749537023127,102.40735126942,138.45623342175,2020-10-17T17:32:51.8207567,2020-10-17T17:32:51.8207567
"Ellipse",1769,68.749537023127,115.52879581152,248.54300673149,2020-10-17T17:32:52.3071947,2020-10-17T17:32:52.3071947
"Ellipse",1769,68.749537023127,102.38840469875,138.66237211065,2020-10-17T17:32:52.3071947,2020-10-17T17:32:52.3071947
"Ellipse",1770,68.749537023127,114.94801795064,246.29992520568,2020-10-17T17:32:52.8076456,2020-10-17T17:32:52.8076456
"Ellipse",1770,68.749537023127,102.50701023115,138.71352785146,2020-10-17T17:32:52.8076456,2020-10-17T17:32:52.8076456
"Ellipse",1771,68.749537023127,114.87658937921,242.76477187734,2020-10-17T17:32:53.3080964,2020-10-17T17:32:53.3080964
"Ellipse",1771,68.749537023127,102.33004926108,138.26146267526,2020-10-17T17:32:53.3080964,2020-10-17T17:32:53.3080964
"Ellipse",1772,68.749537023127,114.48130142109,241.86611817502,2020-10-17T17:32:53.8075468,2020-10-17T17:32:53.8075468
"Ellipse",1772,68.749537023127,102.42440318302,138.56991284578,2020-10-17T17:32:53.8075468,2020-10-17T17:32:53.8075468
"Ellipse",1773,68.749537023127,114.00972326103,240.17950635752,2020-10-17T17:32:54.3079976,2020-10-17T17:32:54.3079976
"Ellipse",1773,68.749537023127,102.49488442592,138.74270557029,2020-10-17T17:32:54.3079976,2020-10-17T17:32:54.3079976
"Ellipse",1774,68.749537023127,113.6301421092,237.64584891548,2020-10-17T17:32:54.8084485,2020-10-17T17:32:54.8084485
"Ellipse",1774,68.749537023127,102.41417203486,138.67260325881,2020-10-17T17:32:54.8084485,2020-10-17T17:32:54.8084485
"Ellipse",1775,68.749537023127,115.35657745948,251.58235959291,2020-10-17T17:32:55.3078982,2020-10-17T17:32:55.3078982
"Ellipse",1775,68.749537023127,102.4744221296,138.42705570292,2020-10-17T17:32:55.3078982,2020-10-17T17:32:55.3078982
"Ellipse",1776,68.749537023127,115.15567282322,251.59140595552,2020-10-17T17:32:55.8123527,2020-10-17T17:32:55.8123527
"Ellipse",1776,68.749537023127,102.43539219401,138.73626373626,2020-10-17T17:32:55.8123527,2020-10-17T17:32:55.8123527
"Ellipse",1777,68.749537023127,114.97474557105,251.45533358462,2020-10-17T17:32:56.3067982,2020-10-17T17:32:56.3067982
"Ellipse",1777,68.749537023127,102.51610458507,138.98976885184,2020-10-17T17:32:56.3067982,2020-10-17T17:32:56.3067982
"Ellipse",1778,68.749537023127,115.82208820204,251.31021485111,2020-10-17T17:32:56.8072494,2020-10-17T17:32:56.8072494
"Ellipse",1778,68.749537023127,102.50738916256,138.36794240243,2020-10-17T17:32:56.8072494,2020-10-17T17:32:56.8072494
"Ellipse",1779,68.749537023127,115.82811911044,252.10591782887,2020-10-17T17:32:57.3237144,2020-10-17T17:32:57.3237144
"Ellipse",1779,68.749537023127,102.31413414172,138.53467222433,2020-10-17T17:32:57.3237144,2020-10-17T17:32:57.3237144
"Ellipse",1780,68.749537023127,116.08782510366,252.46098756125,2020-10-17T17:32:57.8081508,2020-10-17T17:32:57.8081508
"Ellipse",1780,68.749537023127,102.56384994316,138.60894278136,2020-10-17T17:32:57.8081508,2020-10-17T17:32:57.8081508
"Ellipse",1781,68.749537023127,116.28194496796,253.13644930268,2020-10-17T17:32:58.3076008,2020-10-17T17:32:58.3076008
"Ellipse",1781,68.749537023127,102.35922697992,138.63774156878,2020-10-17T17:32:58.3076008,2020-10-17T17:32:58.3076008
"Ellipse",1782,68.749537023127,116.16622691293,254.75348661892,2020-10-17T17:32:58.8060499,2020-10-17T17:32:58.8060499
"Ellipse",1782,68.749537023127,102.59416445623,138.77226222054,2020-10-17T17:32:58.8060499,2020-10-17T17:32:58.8060499
"Ellipse",1783,68.749537023127,116.19977384094,253.46626460611,2020-10-17T17:32:59.3125062,2020-10-17T17:32:59.3125062
"Ellipse",1783,68.749537023127,102.32247063282,138.95111784767,2020-10-17T17:32:59.3125062,2020-10-17T17:32:59.3125062
"Ellipse",1784,68.749537023127,116.1085563513,254.09913305692,2020-10-17T17:32:59.8079526,2020-10-17T17:32:59.8079526
"Ellipse",1784,68.749537023127,102.43842364532,138.84880636605,2020-10-17T17:32:59.8079526,2020-10-17T17:32:59.8079526
"Ellipse",1785,68.749537023127,116.08518658123,250.95816057294,2020-10-17T17:33:00.3074029,2020-10-17T17:33:00.3074029
"Ellipse",1785,68.749537023127,102.52595680182,138.91398256916,2020-10-17T17:33:00.3074029,2020-10-17T17:33:00.3074029
"Ellipse",1786,68.749537023127,116.35733132303,248.74971730117,2020-10-17T17:33:00.8078534,2020-10-17T17:33:00.8078534
"Ellipse",1786,68.749537023127,102.34028040925,138.73057976506,2020-10-17T17:33:00.8078534,2020-10-17T17:33:00.8078534
"Ellipse",1787,68.749537023127,116.01507727101,248.00716170373,2020-10-17T17:33:01.3073037,2020-10-17T17:33:01.3073037
"Ellipse",1787,68.749537023127,102.63812050019,138.93709738537,2020-10-17T17:33:01.3073037,2020-10-17T17:33:01.3073037
"Ellipse",1788,68.749537023127,115.57934413871,247.9954768187,2020-10-17T17:33:01.8227682,2020-10-17T17:33:01.8227682
"Ellipse",1788,68.749537023127,102.44410761652,138.92838196287,2020-10-17T17:33:01.8227682,2020-10-17T17:33:01.8227682
"Ellipse",1789,68.749537023127,115.47606483227,247.54542027893,2020-10-17T17:33:02.3072046,2020-10-17T17:33:02.3072046
"Ellipse",1789,68.749537023127,102.51534672224,138.89806744979,2020-10-17T17:33:02.3072046,2020-10-17T17:33:02.3072046
"Ellipse",1790,68.749537023127,115.54315868828,246.91481341877,2020-10-17T17:33:02.8226697,2020-10-17T17:33:02.8226697
"Ellipse",1790,68.749537023127,102.40128836681,138.38878363016,2020-10-17T17:33:02.8226697,2020-10-17T17:33:02.8226697
"Ellipse",1791,68.749537023127,115.52695062194,245.9709762533,2020-10-17T17:33:03.3081064,2020-10-17T17:33:03.3081064
"Ellipse",1791,68.749537023127,102.43349753695,139.21333838575,2020-10-17T17:33:03.3081064,2020-10-17T17:33:03.3081064
"Ellipse",1792,68.749537023127,116.06303618053,248.29392017904,2020-10-17T17:33:03.8085570,2020-10-17T17:33:03.8085570
"Ellipse",1792,68.749537023127,102.32891246684,138.55627131489,2020-10-17T17:33:03.8085570,2020-10-17T17:33:03.8085570
"Ellipse",1793,68.749537023127,115.84930995897,247.74897426334,2020-10-17T17:33:04.3090082,2020-10-17T17:33:04.3090082
"Ellipse",1793,68.749537023127,102.41076165214,138.8135657446,2020-10-17T17:33:04.3090082,2020-10-17T17:33:04.3090082
"Ellipse",1794,68.749537023127,115.9466616934,248.0335695636,2020-10-17T17:33:04.8104596,2020-10-17T17:33:04.8104596
"Ellipse",1794,68.749537023127,102.53353543009,138.61538461539,2020-10-17T17:33:04.8104596,2020-10-17T17:33:04.8104596
"Ellipse",1795,68.749537023127,115.86646773592,247.52331219694,2020-10-17T17:33:05.3059063,2020-10-17T17:33:05.3059063
"Ellipse",1795,68.749537023127,102.39181508147,138.52065176203,2020-10-17T17:33:05.3059063,2020-10-17T17:33:05.3059063
"Ellipse",1796,68.749537023127,116.17195076464,247.92316299888,2020-10-17T17:33:05.8213707,2020-10-17T17:33:05.8213707
"Ellipse",1796,68.749537023127,102.61879499811,138.61765820387,2020-10-17T17:33:05.8213707,2020-10-17T17:33:05.8213707
"Ellipse",1797,68.749537023127,115.6501305483,246.93808280492,2020-10-17T17:33:06.3078090,2020-10-17T17:33:06.3078090
"Ellipse",1797,68.749537023127,102.37779461917,138.20500189466,2020-10-17T17:33:06.3078090,2020-10-17T17:33:06.3078090
"Ellipse",1798,68.749537023127,115.9634464752,247.68556508765,2020-10-17T17:33:06.8192698,2020-10-17T17:33:06.8192698
"Ellipse",1798,68.749537023127,102.31148162183,138.37893141341,2020-10-17T17:33:06.8192698,2020-10-17T17:33:06.8192698
"Ellipse",1799,68.749537023127,116.07310704961,246.77657590451,2020-10-17T17:33:07.3217225,2020-10-17T17:33:07.3217225
"Ellipse",1799,68.749537023127,102.40545661235,138.5479348238,2020-10-17T17:33:07.3217225,2020-10-17T17:33:07.3217225
"Ellipse",1800,68.749537023127,116.16784781798,245.98843715032,2020-10-17T17:33:07.8181695,2020-10-17T17:33:07.8181695
"Ellipse",1800,68.749537023127,102.74422129595,138.66009852217,2020-10-17T17:33:07.8181695,2020-10-17T17:33:07.8181695
"Ellipse",1801,68.749537023127,116.05781424842,244.86460276016,2020-10-17T17:33:08.3066099,2020-10-17T17:33:08.3066099
"Ellipse",1801,68.749537023127,102.37589996211,138.3728685108,2020-10-17T17:33:08.3066099,2020-10-17T17:33:08.3066099
"Ellipse",1802,68.749537023127,116.18985453189,245.3323386796,2020-10-17T17:33:08.8140667,2020-10-17T17:33:08.8140667
"Ellipse",1802,68.749537023127,102.55134520652,138.3925729443,2020-10-17T17:33:08.8140667,2020-10-17T17:33:08.8140667
"Ellipse",1803,68.749537023127,115.99776202909,244.74487131667,2020-10-17T17:33:09.3085125,2020-10-17T17:33:09.3085125
"Ellipse",1803,68.749537023127,102.58165971959,138.17999242137,2020-10-17T17:33:09.3085125,2020-10-17T17:33:09.3085125
"Ellipse",1804,68.749537023127,116.05371130175,244.94106676613,2020-10-17T17:33:09.8079622,2020-10-17T17:33:09.8079622
"Ellipse",1804,68.749537023127,102.42478211444,138.5960591133,2020-10-17T17:33:09.8079622,2020-10-17T17:33:09.8079622
"Ellipse",1805,68.749537023127,115.96120850429,245.77396493846,2020-10-17T17:33:10.3064116,2020-10-17T17:33:10.3064116
"Ellipse",1805,68.749537023127,102.40583554377,138.12732095491,2020-10-17T17:33:10.3064116,2020-10-17T17:33:10.3064116
"Ellipse",1806,68.749537023127,115.88772845953,245.14434912346,2020-10-17T17:33:10.8108658,2020-10-17T17:33:10.8108658
"Ellipse",1806,68.749537023127,102.31148162183,138.49488442592,2020-10-17T17:33:10.8108658,2020-10-17T17:33:10.8108658
"Ellipse",1807,68.749537023127,116.08355091384,245.00559492727,2020-10-17T17:33:11.3073131,2020-10-17T17:33:11.3073131
"Ellipse",1807,68.749537023127,102.39143615006,138.26032588102,2020-10-17T17:33:11.3073131,2020-10-17T17:33:11.3073131
"Ellipse",1808,68.749537023127,116.20589332339,244.62140992167,2020-10-17T17:33:11.8227775,2020-10-17T17:33:11.8227775
"Ellipse",1808,68.749537023127,102.44145509663,138.17620310724,2020-10-17T17:33:11.8227775,2020-10-17T17:33:11.8227775
"Ellipse",1809,68.749537023127,115.99627004849,245.8948153674,2020-10-17T17:33:12.3072139,2020-10-17T17:33:12.3072139
"Ellipse",1809,68.749537023127,102.54641909814,138.20007578628,2020-10-17T17:33:12.3072139,2020-10-17T17:33:12.3072139
"Ellipse",1810,68.749537023127,115.9839612085,245.70607982096,2020-10-17T17:33:12.8216778,2020-10-17T17:33:12.8216778
"Ellipse",1810,68.749537023127,102.43387646836,138.2175066313,2020-10-17T17:33:12.8216778,2020-10-17T17:33:12.8216778
"Ellipse",1811,68.749537023127,115.99179410668,245.21223424096,2020-10-17T17:33:13.3071148,2020-10-17T17:33:13.3071148
"Ellipse",1811,68.749537023127,102.56384994316,138.65706707086,2020-10-17T17:33:13.3071148,2020-10-17T17:33:13.3071148
"Ellipse",1812,68.749537023127,116.06191719508,245.41141365162,2020-10-17T17:33:13.8085666,2020-10-17T17:33:13.8085666
"Ellipse",1812,68.749537023127,102.55437665783,138.71504357711,2020-10-17T17:33:13.8085666,2020-10-17T17:33:13.8085666
"Ellipse",1813,68.749537023127,115.92316299888,244.93472584856,2020-10-17T17:33:14.3060148,2020-10-17T17:33:14.3060148
"Ellipse",1813,68.749537023127,102.54717696097,138.16559302766,2020-10-17T17:33:14.3060148,2020-10-17T17:33:14.3060148
"Ellipse",1814,68.749537023127,115.9138381201,245.97426333458,2020-10-17T17:33:14.8124711,2020-10-17T17:33:14.8124711
"Ellipse",1814,68.749537023127,102.49602122016,138.44941265631,2020-10-17T17:33:14.8124711,2020-10-17T17:33:14.8124711
"Ellipse",1815,68.749537023127,116.03991048116,245.95449459157,2020-10-17T17:33:15.3089187,2020-10-17T17:33:15.3089187
"Ellipse",1815,68.749537023127,102.42629784009,138.47896930656,2020-10-17T17:33:15.3089187,2020-10-17T17:33:15.3089187
"Ellipse",1816,68.749537023127,116.26706452816,245.95001864976,2020-10-17T17:33:15.8193786,2020-10-17T17:33:15.8193786
"Ellipse",1816,68.749537023127,102.54376657825,138.728685108,2020-10-17T17:33:15.8193786,2020-10-17T17:33:15.8193786
"Ellipse",1817,68.749537023127,116.29130921298,246.63371876166,2020-10-17T17:33:16.3078183,2020-10-17T17:33:16.3078183
"Ellipse",1817,68.749537023127,102.57370215991,138.96248579007,2020-10-17T17:33:16.3078183,2020-10-17T17:33:16.3078183
"Ellipse",1818,68.749537023127,115.98135024245,246.9466616934,2020-10-17T17:33:16.8132737,2020-10-17T17:33:16.8132737
"Ellipse",1818,68.749537023127,102.44372868511,138.6638878363,2020-10-17T17:33:16.8132737,2020-10-17T17:33:16.8132737
"Ellipse",1819,68.749537023127,115.74524431182,247.1745617307,2020-10-17T17:33:17.3207306,2020-10-17T17:33:17.3207306
"Ellipse",1819,68.749537023127,102.30996589617,138.5593027662,2020-10-17T17:33:17.3207306,2020-10-17T17:33:17.3207306
"Ellipse",1820,68.749537023127,115.87691160015,246.49869451697,2020-10-17T17:33:17.8071692,2020-10-17T17:33:17.8071692
"Ellipse",1820,68.749537023127,102.39446760136,139.17733990148,2020-10-17T17:33:17.8071692,2020-10-17T17:33:17.8071692
"Ellipse",1821,68.749537023127,115.84259604625,245.51809026483,2020-10-17T17:33:18.3146264,2020-10-17T17:33:18.3146264
"Ellipse",1821,68.749537023127,102.54831375521,138.99545282304,2020-10-17T17:33:18.3146264,2020-10-17T17:33:18.3146264
"Ellipse",1822,68.749537023127,115.68817605371,244.7195076464,2020-10-17T17:33:18.8090718,2020-10-17T17:33:18.8090718
"Ellipse",1822,68.749537023127,102.45054945055,138.95073891626,2020-10-17T17:33:18.8090718,2020-10-17T17:33:18.8090718
"Ellipse",1823,68.749537023127,115.4908616188,244.97351734428,2020-10-17T17:33:19.3155285,2020-10-17T17:33:19.3155285
"Ellipse",1823,68.749537023127,102.4209928003,138.78969306556,2020-10-17T17:33:19.3155285,2020-10-17T17:33:19.3155285
"Ellipse",1824,68.749537023127,115.7362924282,245.26258858635,2020-10-17T17:33:19.8069709,2020-10-17T17:33:19.8069709
"Ellipse",1824,68.749537023127,102.49450549451,138.87343690792,2020-10-17T17:33:19.8069709,2020-10-17T17:33:19.8069709
"Ellipse",1825,68.749537023127,115.53338306602,244.17045878404,2020-10-17T17:33:20.3134272,2020-10-17T17:33:20.3134272
"Ellipse",1825,68.749537023127,102.36566881395,139.02576733611,2020-10-17T17:33:20.3134272,2020-10-17T17:33:20.3134272
"Ellipse",1826,68.749537023127,115.72137262216,244.98992913092,2020-10-17T17:33:20.8088736,2020-10-17T17:33:20.8088736
"Ellipse",1826,68.749537023127,102.47366426677,139.07275483138,2020-10-17T17:33:20.8088736,2020-10-17T17:33:20.8088736
"Ellipse",1827,68.749537023127,115.7720999627,245.19880641552,2020-10-17T17:33:21.3073227,2020-10-17T17:33:21.3073227
"Ellipse",1827,68.749537023127,102.40924592649,138.9208033346,2020-10-17T17:33:21.3073227,2020-10-17T17:33:21.3073227
"Ellipse",1828,68.749537023127,116.07816610297,246.42615558061,2020-10-17T17:33:21.8177826,2020-10-17T17:33:21.8177826
"Ellipse",1828,68.749537023127,102.45812807882,139.02159909057,2020-10-17T17:33:21.8177826,2020-10-17T17:33:21.8177826
"Ellipse",1829,68.749537023127,115.86471251409,246.19428786171,2020-10-17T17:33:22.3072235,2020-10-17T17:33:22.3072235
"Ellipse",1829,68.749537023127,102.4096248579,138.84046987495,2020-10-17T17:33:22.3072235,2020-10-17T17:33:22.3072235
"Ellipse",1830,68.749537023127,115.86283352123,246.5697106351,2020-10-17T17:33:22.8236895,2020-10-17T17:33:22.8236895
"Ellipse",1830,68.749537023127,102.44979158772,138.96286472149,2020-10-17T17:33:22.8236895,2020-10-17T17:33:22.8236895
"Ellipse",1831,68.749537023127,115.88049605412,245.66140548666,2020-10-17T17:33:23.3081253,2020-10-17T17:33:23.3081253
"Ellipse",1831,68.749537023127,102.46798029557,139.13944676014,2020-10-17T17:33:23.3081253,2020-10-17T17:33:23.3081253
"Ellipse",1832,68.749537023127,116.19992484029,246.3780533634,2020-10-17T17:33:23.8085762,2020-10-17T17:33:23.8085762
"Ellipse",1832,68.749537023127,102.45699128458,138.485790072,2020-10-17T17:33:23.8085762,2020-10-17T17:33:23.8085762
"Ellipse",1833,68.749537023127,115.62157083803,247.2600526118,2020-10-17T17:33:24.3080262,2020-10-17T17:33:24.3080262
"Ellipse",1833,68.749537023127,102.62978400909,138.80485032209,2020-10-17T17:33:24.3080262,2020-10-17T17:33:24.3080262
"Ellipse",1834,68.749537023127,115.76850807967,248.14656144307,2020-10-17T17:33:24.8064753,2020-10-17T17:33:24.8064753
"Ellipse",1834,68.749537023127,102.46684350133,139.25123152709,2020-10-17T17:33:24.8064753,2020-10-17T17:33:24.8064753
"Ellipse",1835,68.749537023127,115.85907553551,246.78804960541,2020-10-17T17:33:25.3079271,2020-10-17T17:33:25.3079271
"Ellipse",1835,68.749537023127,102.46343311861,138.54187192118,2020-10-17T17:33:25.3079271,2020-10-17T17:33:25.3079271
"Ellipse",1836,68.749537023127,115.72641863961,246.74783915821,2020-10-17T17:33:25.8073774,2020-10-17T17:33:25.8073774
"Ellipse",1836,68.749537023127,102.42250852596,139.43956043956,2020-10-17T17:33:25.8073774,2020-10-17T17:33:25.8073774
"Ellipse",1837,68.749537023127,115.9571589628,247.50920706501,2020-10-17T17:33:26.3088288,2020-10-17T17:33:26.3088288
"Ellipse",1837,68.749537023127,102.4406972338,139.04357711254,2020-10-17T17:33:26.3088288,2020-10-17T17:33:26.3088288
"Ellipse",1838,68.749537023127,115.54565952649,246.69860954528,2020-10-17T17:33:26.8062773,2020-10-17T17:33:26.8062773
"Ellipse",1838,68.749537023127,102.41720348617,139.14550966275,2020-10-17T17:33:26.8062773,2020-10-17T17:33:26.8062773
"Ellipse",1839,68.749537023127,115.54603532507,246.10522360015,2020-10-17T17:33:27.3127333,2020-10-17T17:33:27.3127333
"Ellipse",1839,68.749537023127,102.4604016673,139.64948844259,2020-10-17T17:33:27.3127333,2020-10-17T17:33:27.3127333
"Ellipse",1840,68.749537023127,115.70499812101,245.07703870725,2020-10-17T17:33:27.8201908,2020-10-17T17:33:27.8201908
"Ellipse",1840,68.749537023127,102.73891625616,139.54982948086,2020-10-17T17:33:27.8201908,2020-10-17T17:33:27.8201908
"Ellipse",1841,68.749537023127,115.50281848929,244.89515219842,2020-10-17T17:33:28.3176387,2020-10-17T17:33:28.3176387
"Ellipse",1841,68.749537023127,102.30314513073,139.77415687761,2020-10-17T17:33:28.3176387,2020-10-17T17:33:28.3176387
"Ellipse",1842,68.749537023127,115.09094325442,242.60278090943,2020-10-17T17:33:28.8070797,2020-10-17T17:33:28.8070797
"Ellipse",1842,68.749537023127,102.78704054566,139.94846532778,2020-10-17T17:33:28.8070797,2020-10-17T17:33:28.8070797
"Ellipse",1843,68.749537023127,116.23672400898,246.9966342558,2020-10-17T17:33:29.3085315,2020-10-17T17:33:29.3085315
"Ellipse",1843,68.749537023127,102.56384994316,139.77036756347,2020-10-17T17:33:29.3085315,2020-10-17T17:33:29.3085315
"Ellipse",1844,68.749537023127,116.13575168287,247.35190725505,2020-10-17T17:33:29.8089823,2020-10-17T17:33:29.8089823
"Ellipse",1844,68.749537023127,102.53770367564,139.76733611216,2020-10-17T17:33:29.8089823,2020-10-17T17:33:29.8089823
"Ellipse",1845,68.749537023127,116.00373971578,246.95699326851,2020-10-17T17:33:30.3104341,2020-10-17T17:33:30.3104341
"Ellipse",1845,68.749537023127,102.72792724517,139.52103069344,2020-10-17T17:33:30.3104341,2020-10-17T17:33:30.3104341
"Ellipse",1846,68.749537023127,115.71802543007,245.64659685864,2020-10-17T17:33:30.8078823,2020-10-17T17:33:30.8078823
"Ellipse",1846,68.749537023127,102.45547555892,139.83554376658,2020-10-17T17:33:30.8078823,2020-10-17T17:33:30.8078823
"Ellipse",1847,68.749537023127,115.77860882573,245.08975317876,2020-10-17T17:33:31.3083332,2020-10-17T17:33:31.3083332
"Ellipse",1847,68.749537023127,102.41568776052,139.51913603638,2020-10-17T17:33:31.3083332,2020-10-17T17:33:31.3083332
"Ellipse",1848,68.749537023127,115.34031413613,246.19970082274,2020-10-17T17:33:31.8217961,2020-10-17T17:33:31.8217961
"Ellipse",1848,68.749537023127,102.63660477454,140.42970822281,2020-10-17T17:33:31.8217961,2020-10-17T17:33:31.8217961
"Ellipse",1849,68.749537023127,115.27524308153,248.15557217652,2020-10-17T17:33:32.3082341,2020-10-17T17:33:32.3082341
"Ellipse",1849,68.749537023127,102.70026525199,140.38272072755,2020-10-17T17:33:32.3082341,2020-10-17T17:33:32.3082341
"Ellipse",1850,68.749537023127,115.92969334331,250.09835452506,2020-10-17T17:33:32.8116877,2020-10-17T17:33:32.8116877
"Ellipse",1850,68.749537023127,102.65214096249,140.91587722622,2020-10-17T17:33:32.8116877,2020-10-17T17:33:32.8116877
"Ellipse",1851,68.749537023127,115.82011967091,248.67277486911,2020-10-17T17:33:33.3201458,2020-10-17T17:33:33.3201458
"Ellipse",1851,68.749537023127,102.5960591133,140.55589238348,2020-10-17T17:33:33.3201458,2020-10-17T17:33:33.3201458
"Ellipse",1852,68.749537023127,115.84517576664,247.67053103964,2020-10-17T17:33:33.8075849,2020-10-17T17:33:33.8075849
"Ellipse",1852,68.749537023127,102.59151193634,140.14475179992,2020-10-17T17:33:33.8075849,2020-10-17T17:33:33.8075849
"Ellipse",1853,68.749537023127,115.72662677637,246.84181002244,2020-10-17T17:33:34.3080358,2020-10-17T17:33:34.3080358
"Ellipse",1853,68.749537023127,102.55968169761,139.93747631679,2020-10-17T17:33:34.3080358,2020-10-17T17:33:34.3080358
"Ellipse",1854,68.749537023127,115.76402393418,245.95325355273,2020-10-17T17:33:34.8064852,2020-10-17T17:33:34.8064852
"Ellipse",1854,68.749537023127,102.54679802956,140.19969685487,2020-10-17T17:33:34.8064852,2020-10-17T17:33:34.8064852
"Ellipse",1855,68.749537023127,115.63799551234,247.10284218399,2020-10-17T17:33:35.3179457,2020-10-17T17:33:35.3179457
"Ellipse",1855,68.749537023127,102.5706707086,140.22546419098,2020-10-17T17:33:35.3179457,2020-10-17T17:33:35.3179457
"Ellipse",1856,68.749537023127,115.48055347794,246.89154824233,2020-10-17T17:33:35.8073867,2020-10-17T17:33:35.8073867
"Ellipse",1856,68.749537023127,102.43236074271,139.79689276241,2020-10-17T17:33:35.8073867,2020-10-17T17:33:35.8073867
"Ellipse",1857,68.749537023127,115.61630516081,246.40388930441,2020-10-17T17:33:36.3078376,2020-10-17T17:33:36.3078376
"Ellipse",1857,68.749537023127,102.65782493369,140.13679424024,2020-10-17T17:33:36.3078376,2020-10-17T17:33:36.3078376
"Ellipse",1858,68.749537023127,115.75093492895,246.12490650711,2020-10-17T17:33:36.8072875,2020-10-17T17:33:36.8072875
"Ellipse",1858,68.749537023127,102.76885183782,140.33270178098,2020-10-17T17:33:36.8072875,2020-10-17T17:33:36.8072875
"Ellipse",1859,68.749537023127,115.62902019447,245.93268511593,2020-10-17T17:33:37.3227520,2020-10-17T17:33:37.3227520
"Ellipse",1859,68.749537023127,102.54755589238,140.31413414172,2020-10-17T17:33:37.3227520,2020-10-17T17:33:37.3227520
"Ellipse",1860,68.749537023127,115.74607329843,246.16753926702,2020-10-17T17:33:37.8081893,2020-10-17T17:33:37.8081893
"Ellipse",1860,68.749537023127,102.72679045093,140.4520651762,2020-10-17T17:33:37.8081893,2020-10-17T17:33:37.8081893
"Ellipse",1861,68.749537023127,115.46073298429,244.69259536275,2020-10-17T17:33:38.3066384,2020-10-17T17:33:38.3066384
"Ellipse",1861,68.749537023127,102.54982948086,140.07010231148,2020-10-17T17:33:38.3066384,2020-10-17T17:33:38.3066384
"Ellipse",1862,68.749537023127,115.35714285714,244.19895287958,2020-10-17T17:33:38.8060884,2020-10-17T17:33:38.8060884
"Ellipse",1862,68.749537023127,102.52444107617,140.29405077681,2020-10-17T17:33:38.8060884,2020-10-17T17:33:38.8060884
"Ellipse",1863,68.749537023127,115.13275991025,242.98578908003,2020-10-17T17:33:39.3065393,2020-10-17T17:33:39.3065393
"Ellipse",1863,68.749537023127,102.58734369079,140.23076923077,2020-10-17T17:33:39.3065393,2020-10-17T17:33:39.3065393
"Ellipse",1864,68.749537023127,115.20867614061,240.91024682124,2020-10-17T17:33:39.8069902,2020-10-17T17:33:39.8069902
"Ellipse",1864,68.749537023127,102.63774156878,140.05570291777,2020-10-17T17:33:39.8069902,2020-10-17T17:33:39.8069902
"Ellipse",1865,68.749537023127,115.02206432311,240.07741211668,2020-10-17T17:33:40.3134465,2020-10-17T17:33:40.3134465
"Ellipse",1865,68.749537023127,102.46494884426,140.3247442213,2020-10-17T17:33:40.3134465,2020-10-17T17:33:40.3134465
"Ellipse",1866,68.749537023127,114.90164547494,239.40875093493,2020-10-17T17:33:40.8088928,2020-10-17T17:33:40.8088928
"Ellipse",1866,68.749537023127,102.41909814324,140.21826449413,2020-10-17T17:33:40.8088928,2020-10-17T17:33:40.8088928
"Ellipse",1867,68.749537023127,115.64629146478,243.26052925829,2020-10-17T17:33:41.3133473,2020-10-17T17:33:41.3133473
"Ellipse",1867,68.749537023127,102.4888215233,140.02804092459,2020-10-17T17:33:41.3133473,2020-10-17T17:33:41.3133473
"Ellipse",1868,68.749537023127,115.67834513604,243.95937383526,2020-10-17T17:33:41.8087937,2020-10-17T17:33:41.8087937
"Ellipse",1868,68.749537023127,102.50246305419,140.03183023873,2020-10-17T17:33:41.8087937,2020-10-17T17:33:41.8087937
"Ellipse",1869,68.749537023127,115.70667163623,242.49720462169,2020-10-17T17:33:42.3072431,2020-10-17T17:33:42.3072431
"Ellipse",1869,68.749537023127,102.68586585828,140.24403183024,2020-10-17T17:33:42.3072431,2020-10-17T17:33:42.3072431
"Ellipse",1870,68.749537023127,115.90607528886,242.75810659709,2020-10-17T17:33:42.8227075,2020-10-17T17:33:42.8227075
"Ellipse",1870,68.749537023127,102.56157635468,139.90754073513,2020-10-17T17:33:42.8227075,2020-10-17T17:33:42.8227075
"Ellipse",1871,68.749537023127,115.61871039881,243.52068579948,2020-10-17T17:33:43.3061431,2020-10-17T17:33:43.3061431
"Ellipse",1871,68.749537023127,102.54831375521,139.86472148541,2020-10-17T17:33:43.3061431,2020-10-17T17:33:43.3061431
"Ellipse",1872,68.749537023127,115.89116660455,245.72978009691,2020-10-17T17:33:43.8226081,2020-10-17T17:33:43.8226081
"Ellipse",1872,68.749537023127,102.485790072,140.06062902615,2020-10-17T17:33:43.8226081,2020-10-17T17:33:43.8226081
"Ellipse",1873,68.749537023127,116.03540812523,246.88147595975,2020-10-17T17:33:44.3060436,2020-10-17T17:33:44.3060436
"Ellipse",1873,68.749537023127,102.59530125047,140.66161424782,2020-10-17T17:33:44.3060436,2020-10-17T17:33:44.3060436
"Ellipse",1874,68.749537023127,116.17256802087,248.22996645546,2020-10-17T17:33:44.8225093,2020-10-17T17:33:44.8225093
"Ellipse",1874,68.749537023127,102.72300113679,140.80826070481,2020-10-17T17:33:44.8225093,2020-10-17T17:33:44.8225093
"Ellipse",1875,68.749537023127,116.20573984346,248.07417070444,2020-10-17T17:33:45.3079463,2020-10-17T17:33:45.3079463
"Ellipse",1875,68.749537023127,102.6271314892,141.12391057219,2020-10-17T17:33:45.3079463,2020-10-17T17:33:45.3079463
"Ellipse",1876,68.749537023127,116.12896011927,247.52068579948,2020-10-17T17:33:45.8093981,2020-10-17T17:33:45.8093981
"Ellipse",1876,68.749537023127,102.64986737401,141.06062902615,2020-10-17T17:33:45.8093981,2020-10-17T17:33:45.8093981
"Ellipse",1877,68.749537023127,115.90309355199,248.13380544167,2020-10-17T17:33:46.3078472,2020-10-17T17:33:46.3078472
"Ellipse",1877,68.749537023127,102.59984842744,141.16900341038,2020-10-17T17:33:46.3078472,2020-10-17T17:33:46.3078472
"Ellipse",1878,68.749537023127,116.31941856131,248.05553484905,2020-10-17T17:33:46.8082981,2020-10-17T17:33:46.8082981
"Ellipse",1878,68.749537023127,102.60553239864,140.90413035241,2020-10-17T17:33:46.8082981,2020-10-17T17:33:46.8082981
"Ellipse",1879,68.749537023127,116.15095042863,248.00074543422,2020-10-17T17:33:47.3227619,2020-10-17T17:33:47.3227619
"Ellipse",1879,68.749537023127,102.68283440697,141.1186055324,2020-10-17T17:33:47.3227619,2020-10-17T17:33:47.3227619
"Ellipse",1880,68.749537023127,116.1546775997,249.08572493478,2020-10-17T17:33:47.8081989,2020-10-17T17:33:47.8081989
"Ellipse",1880,68.749537023127,102.63774156878,140.83554376658,2020-10-17T17:33:47.8081989,2020-10-17T17:33:47.8081989
"Ellipse",1881,68.749537023127,116.18486768543,247.86172195304,2020-10-17T17:33:48.3196598,2020-10-17T17:33:48.3196598
"Ellipse",1881,68.749537023127,102.72262220538,140.79613489958,2020-10-17T17:33:48.3196598,2020-10-17T17:33:48.3196598
"Ellipse",1882,68.749537023127,116.11815132315,247.59075661573,2020-10-17T17:33:48.8141055,2020-10-17T17:33:48.8141055
"Ellipse",1882,68.749537023127,102.53239863585,141.03069344449,2020-10-17T17:33:48.8141055,2020-10-17T17:33:48.8141055
"Ellipse",1883,68.749537023127,116.3380544167,247.70741707044,2020-10-17T17:33:49.3075498,2020-10-17T17:33:49.3075498
"Ellipse",1883,68.749537023127,102.60553239864,141.07692307692,2020-10-17T17:33:49.3075498,2020-10-17T17:33:49.3075498
"Ellipse",1884,68.749537023127,116.05143496087,249.00596347372,2020-10-17T17:33:49.8090019,2020-10-17T17:33:49.8090019
"Ellipse",1884,68.749537023127,102.44600227359,141.27510420614,2020-10-17T17:33:49.8090019,2020-10-17T17:33:49.8090019
"Ellipse",1885,68.749537023127,115.89787551249,249.61721953038,2020-10-17T17:33:50.3074507,2020-10-17T17:33:50.3074507
"Ellipse",1885,68.749537023127,102.4774535809,140.6017430845,2020-10-17T17:33:50.3074507,2020-10-17T17:33:50.3074507
"Ellipse",1886,68.749537023127,115.98695490123,248.33358181141,2020-10-17T17:33:50.8109043,2020-10-17T17:33:50.8109043
"Ellipse",1886,68.749537023127,102.75028419856,141.20538082607,2020-10-17T17:33:50.8109043,2020-10-17T17:33:50.8109043
"Ellipse",1887,68.749537023127,116.14647782333,248.1207603429,2020-10-17T17:33:51.3073515,2020-10-17T17:33:51.3073515
"Ellipse",1887,68.749537023127,102.65971959075,141.16710875332,2020-10-17T17:33:51.3073515,2020-10-17T17:33:51.3073515
"Ellipse",1888,68.749537023127,116.10361535595,248.01714498696,2020-10-17T17:33:51.8108051,2020-10-17T17:33:51.8108051
"Ellipse",1888,68.749537023127,102.46873815839,140.90905646078,2020-10-17T17:33:51.8108051,2020-10-17T17:33:51.8108051
"Ellipse",1889,68.749537023127,116.19120387626,248.65411852404,2020-10-17T17:33:52.3072524,2020-10-17T17:33:52.3072524
"Ellipse",1889,68.749537023127,102.55854490337,140.68548692687,2020-10-17T17:33:52.3072524,2020-10-17T17:33:52.3072524
"Ellipse",1890,68.749537023127,116.52143123369,248.11815132315,2020-10-17T17:33:52.8117069,2020-10-17T17:33:52.8117069
"Ellipse",1890,68.749537023127,102.56081849185,141.00227358848,2020-10-17T17:33:52.8117069,2020-10-17T17:33:52.8117069
"Ellipse",1891,68.749537023127,116.22959373835,247.79016026836,2020-10-17T17:33:53.3081542,2020-10-17T17:33:53.3081542
"Ellipse",1891,68.749537023127,102.65555134521,141.06669192876,2020-10-17T17:33:53.3081542,2020-10-17T17:33:53.3081542
"Ellipse",1892,68.749537023127,116.30711889676,247.87215803205,2020-10-17T17:33:53.8086051,2020-10-17T17:33:53.8086051
"Ellipse",1892,68.749537023127,102.63774156878,141.067828723,2020-10-17T17:33:53.8086051,2020-10-17T17:33:53.8086051
"Ellipse",1893,68.749537023127,116.26649273202,248.19232202758,2020-10-17T17:33:54.3070542,2020-10-17T17:33:54.3070542
"Ellipse",1893,68.749537023127,102.73702159909,140.94846532778,2020-10-17T17:33:54.3070542,2020-10-17T17:33:54.3070542
"Ellipse",1894,68.749537023127,116.20834886321,248.31457323891,2020-10-17T17:33:54.8075051,2020-10-17T17:33:54.8075051
"Ellipse",1894,68.749537023127,102.6582038651,141.13679424024,2020-10-17T17:33:54.8075051,2020-10-17T17:33:54.8075051
"Ellipse",1895,68.749537023127,116.08870667164,248.20946701454,2020-10-17T17:33:55.3199671,2020-10-17T17:33:55.3199671
"Ellipse",1895,68.749537023127,102.58507010231,141.30238726791,2020-10-17T17:33:55.3199671,2020-10-17T17:33:55.3199671
"Ellipse",1896,68.749537023127,116.09280655982,248.75139768915,2020-10-17T17:33:55.8074059,2020-10-17T17:33:55.8074059
"Ellipse",1896,68.749537023127,102.64948844259,141.16445623342,2020-10-17T17:33:55.8074059,2020-10-17T17:33:55.8074059
"Ellipse",1897,68.749537023127,115.97241893403,249.15505031681,2020-10-17T17:33:56.3108595,2020-10-17T17:33:56.3108595
"Ellipse",1897,68.749537023127,102.74460022736,141.24327396741,2020-10-17T17:33:56.3108595,2020-10-17T17:33:56.3108595
"Ellipse",1898,68.749537023127,115.95303764443,248.87886693999,2020-10-17T17:33:56.8203185,2020-10-17T17:33:56.8203185
"Ellipse",1898,68.749537023127,102.66691928761,141.15839333081,2020-10-17T17:33:56.8203185,2020-10-17T17:33:56.8203185
"Ellipse",1899,68.749537023127,116.0532985464,249.22363026463,2020-10-17T17:33:57.3187676,2020-10-17T17:33:57.3187676
"Ellipse",1899,68.749537023127,102.68548692687,141.08639636226,2020-10-17T17:33:57.3187676,2020-10-17T17:33:57.3187676
"Ellipse",1900,68.749537023127,115.87513976892,248.62728289229,2020-10-17T17:33:57.8072077,2020-10-17T17:33:57.8072077
"Ellipse",1900,68.749537023127,102.65706707086,141.27283061766,2020-10-17T17:33:57.8072077,2020-10-17T17:33:57.8072077
"Ellipse",1901,68.749537023127,116.29071934402,248.22176667909,2020-10-17T17:33:58.3156658,2020-10-17T17:33:58.3156658
"Ellipse",1901,68.749537023127,102.68131868132,141.15611974233,2020-10-17T17:33:58.3156658,2020-10-17T17:33:58.3156658
"Ellipse",1902,68.749537023127,115.91912038763,248.62057398435,2020-10-17T17:33:58.8091107,2020-10-17T17:33:58.8091107
"Ellipse",1902,68.749537023127,102.51534672224,141.26752557787,2020-10-17T17:33:58.8091107,2020-10-17T17:33:58.8091107
"Ellipse",1903,68.749537023127,115.951546776,248.33283637719,2020-10-17T17:33:59.3075594,2020-10-17T17:33:59.3075594
"Ellipse",1903,68.749537023127,102.72300113679,141.45623342175,2020-10-17T17:33:59.3075594,2020-10-17T17:33:59.3075594
"Ellipse",1904,68.749537023127,115.76108833396,248.09131569139,2020-10-17T17:33:59.8070094,2020-10-17T17:33:59.8070094
"Ellipse",1904,68.749537023127,102.70973853733,141.29405077681,2020-10-17T17:33:59.8070094,2020-10-17T17:33:59.8070094
"Ellipse",1905,68.749537023127,115.87588520313,247.97689153932,2020-10-17T17:34:00.3084612,2020-10-17T17:34:00.3084612
"Ellipse",1905,68.749537023127,102.58241758242,141.10610079576,2020-10-17T17:34:00.3084612,2020-10-17T17:34:00.3084612
"Ellipse",1906,68.749537023127,115.97800969065,248.86433097279,2020-10-17T17:34:00.8069103,2020-10-17T17:34:00.8069103
"Ellipse",1906,68.749537023127,102.71580143994,141.06138688897,2020-10-17T17:34:00.8069103,2020-10-17T17:34:00.8069103
"Ellipse",1907,68.749537023127,115.72791651137,249.13641446142,2020-10-17T17:34:01.3243765,2020-10-17T17:34:01.3243765
"Ellipse",1907,68.749537023127,102.60325881016,141.50928381963,2020-10-17T17:34:01.3243765,2020-10-17T17:34:01.3243765
"Ellipse",1908,68.749537023127,116.05702571748,249.0387625792,2020-10-17T17:34:01.8098139,2020-10-17T17:34:01.8098139
"Ellipse",1908,68.749537023127,102.59302766199,141.79802955665,2020-10-17T17:34:01.8098139,2020-10-17T17:34:01.8098139
"Ellipse",1909,68.749537023127,115.60081997764,249.38427133805,2020-10-17T17:34:02.3242777,2020-10-17T17:34:02.3242777
"Ellipse",1909,68.749537023127,102.72982190224,141.75824175824,2020-10-17T17:34:02.3242777,2020-10-17T17:34:02.3242777
"Ellipse",1910,68.749537023127,115.82184122251,249.24412970555,2020-10-17T17:34:02.8187228,2020-10-17T17:34:02.8187228
"Ellipse",1910,68.749537023127,102.74952633573,141.90640394089,2020-10-17T17:34:02.8187228,2020-10-17T17:34:02.8187228
"Ellipse",1911,68.749537023127,115.81103242639,249.8069325382,2020-10-17T17:34:03.3081638,2020-10-17T17:34:03.3081638
"Ellipse",1911,68.749537023127,102.6441834028,141.73095869648,2020-10-17T17:34:03.3081638,2020-10-17T17:34:03.3081638
"Ellipse",1912,68.749537023127,115.90756615729,250.02944465151,2020-10-17T17:34:03.8166222,2020-10-17T17:34:03.8166222
"Ellipse",1912,68.749537023127,102.80636604775,141.83402804093,2020-10-17T17:34:03.8166222,2020-10-17T17:34:03.8166222
"Ellipse",1913,68.749537023127,115.97763697354,250.49869549012,2020-10-17T17:34:04.3080647,2020-10-17T17:34:04.3080647
"Ellipse",1913,68.749537023127,102.64266767715,141.97347480106,2020-10-17T17:34:04.3080647,2020-10-17T17:34:04.3080647
"Ellipse",1914,68.749537023127,115.93402907193,250.36675363399,2020-10-17T17:34:04.8075147,2020-10-17T17:34:04.8075147
"Ellipse",1914,68.749537023127,102.69685486927,141.92118226601,2020-10-17T17:34:04.8075147,2020-10-17T17:34:04.8075147
"Ellipse",1915,68.749537023127,115.98770033545,251.03988073053,2020-10-17T17:34:05.3079656,2020-10-17T17:34:05.3079656
"Ellipse",1915,68.749537023127,102.80333459644,142.09928003032,2020-10-17T17:34:05.3079656,2020-10-17T17:34:05.3079656
"Ellipse",1916,68.749537023127,114.61796496459,243.18598583675,2020-10-17T17:34:05.8074155,2020-10-17T17:34:05.8074155
"Ellipse",1916,68.749537023127,102.59719590754,140.38082607048,2020-10-17T17:34:05.8074155,2020-10-17T17:34:05.8074155
"Ellipse",1917,68.749537023127,114.88296682818,242.76108833396,2020-10-17T17:34:06.3088673,2020-10-17T17:34:06.3088673
"Ellipse",1917,68.749537023127,102.78893520273,140.12163698371,2020-10-17T17:34:06.3088673,2020-10-17T17:34:06.3088673
"Ellipse",1918,68.749537023127,114.92881103243,243.17107715244,2020-10-17T17:34:06.8153236,2020-10-17T17:34:06.8153236
"Ellipse",1918,68.749537023127,102.54982948086,140.42061386889,2020-10-17T17:34:06.8153236,2020-10-17T17:34:06.8153236
"Ellipse",1919,68.749537023127,114.9276928811,243.2269847186,2020-10-17T17:34:07.3207790,2020-10-17T17:34:07.3207790
"Ellipse",1919,68.749537023127,102.62978400909,140.17468738158,2020-10-17T17:34:07.3207790,2020-10-17T17:34:07.3207790
"Ellipse",1920,68.749537023127,114.76146105106,243.80730525531,2020-10-17T17:34:07.8072176,2020-10-17T17:34:07.8072176
"Ellipse",1920,68.749537023127,102.64228874574,140.4831375521,2020-10-17T17:34:07.8072176,2020-10-17T17:34:07.8072176
"Ellipse",1921,68.749537023127,114.70070816251,243.21393961983,2020-10-17T17:34:08.3156754,2020-10-17T17:34:08.3156754
"Ellipse",1921,68.749537023127,102.56991284578,140.37552103069,2020-10-17T17:34:08.3156754,2020-10-17T17:34:08.3156754
"Ellipse",1922,68.749537023127,114.78419679463,242.81326872904,2020-10-17T17:34:08.8081194,2020-10-17T17:34:08.8081194
"Ellipse",1922,68.749537023127,102.55058734369,140.3812050019,2020-10-17T17:34:08.8081194,2020-10-17T17:34:08.8081194
"Ellipse",1923,68.749537023127,114.50875885203,242.55348490496,2020-10-17T17:34:09.3225826,2020-10-17T17:34:09.3225826
"Ellipse",1923,68.749537023127,102.55854490337,140.46191739295,2020-10-17T17:34:09.3225826,2020-10-17T17:34:09.3225826
"Ellipse",1924,68.749537023127,114.40998881849,242.31159150205,2020-10-17T17:34:09.8200308,2020-10-17T17:34:09.8200308
"Ellipse",1924,68.749537023127,102.63963622584,140.76506252368,2020-10-17T17:34:09.8200308,2020-10-17T17:34:09.8200308
"Ellipse",1925,68.749537023127,114.74916138651,242.32873648901,2020-10-17T17:34:10.3084708,2020-10-17T17:34:10.3084708
"Ellipse",1925,68.749537023127,102.54717696097,140.30996589617,2020-10-17T17:34:10.3084708,2020-10-17T17:34:10.3084708
"Ellipse",1926,68.749537023127,114.6958628401,242.67424524786,2020-10-17T17:34:10.8069199,2020-10-17T17:34:10.8069199
"Ellipse",1926,68.749537023127,102.75331564987,140.88025767336,2020-10-17T17:34:10.8069199,2020-10-17T17:34:10.8069199
"Ellipse",1927,68.749537023127,114.99254565785,242.4927320164,2020-10-17T17:34:11.3073708,2020-10-17T17:34:11.3073708
"Ellipse",1927,68.749537023127,102.55020841228,140.66919287609,2020-10-17T17:34:11.3073708,2020-10-17T17:34:11.3073708
"Ellipse",1928,68.749537023127,114.9083115915,241.47223257548,2020-10-17T17:34:11.8098235,2020-10-17T17:34:11.8098235
"Ellipse",1928,68.749537023127,102.7514209928,140.33687002653,2020-10-17T17:34:11.8098235,2020-10-17T17:34:11.8098235
"Ellipse",1929,68.749537023127,115.05478941483,240.90383898621,2020-10-17T17:34:12.3082726,2020-10-17T17:34:12.3082726
"Ellipse",1929,68.749537023127,102.39636225843,140.582038651,2020-10-17T17:34:12.3082726,2020-10-17T17:34:12.3082726
"Ellipse",1930,68.749537023127,114.90607528886,240.21133060008,2020-10-17T17:34:12.8157298,2020-10-17T17:34:12.8157298
"Ellipse",1930,68.749537023127,102.54490337249,140.42250852596,2020-10-17T17:34:12.8157298,2020-10-17T17:34:12.8157298
"Ellipse",1931,68.749537023127,115.00752728641,243.01053820098,2020-10-17T17:34:13.3081734,2020-10-17T17:34:13.3081734
"Ellipse",1931,68.749537023127,102.61500568397,140.37324744221,2020-10-17T17:34:13.3081734,2020-10-17T17:34:13.3081734
"Ellipse",1932,68.749537023127,114.85321791494,242.74896499812,2020-10-17T17:34:13.8076234,2020-10-17T17:34:13.8076234
"Ellipse",1932,68.749537023127,102.5706707086,140.39143615006,2020-10-17T17:34:13.8076234,2020-10-17T17:34:13.8076234
"Ellipse",1933,68.749537023127,114.64508844562,242.74219044035,2020-10-17T17:34:14.3190846,2020-10-17T17:34:14.3190846
"Ellipse",1933,68.749537023127,102.73285335354,140.13793103448,2020-10-17T17:34:14.3190846,2020-10-17T17:34:14.3190846
"Ellipse",1934,68.749537023127,114.98833270606,242.36921339857,2020-10-17T17:34:14.8075243,2020-10-17T17:34:14.8075243
"Ellipse",1934,68.749537023127,102.63736263736,140.10647972717,2020-10-17T17:34:14.8075243,2020-10-17T17:34:14.8075243
"Ellipse",1935,68.749537023127,114.8434324426,241.88106887467,2020-10-17T17:34:15.3069743,2020-10-17T17:34:15.3069743
"Ellipse",1935,68.749537023127,102.7146646457,140.03902993558,2020-10-17T17:34:15.3069743,2020-10-17T17:34:15.3069743
"Ellipse",1936,68.749537023127,114.9454271735,242.59126834776,2020-10-17T17:34:15.8074252,2020-10-17T17:34:15.8074252
"Ellipse",1936,68.749537023127,102.61727927245,140.62675255779,2020-10-17T17:34:15.8074252,2020-10-17T17:34:15.8074252
"Ellipse",1937,68.749537023127,114.71885585247,241.68460669929,2020-10-17T17:34:16.3068752,2020-10-17T17:34:16.3068752
"Ellipse",1937,68.749537023127,102.5282303903,140.41189844638,2020-10-17T17:34:16.3068752,2020-10-17T17:34:16.3068752
"Ellipse",1938,68.749537023127,114.97929996236,242.37260067746,2020-10-17T17:34:16.8063251,2020-10-17T17:34:16.8063251
"Ellipse",1938,68.749537023127,102.79234558545,140.46305418719,2020-10-17T17:34:16.8063251,2020-10-17T17:34:16.8063251
"Ellipse",1939,68.749537023127,114.76401957095,242.26157320286,2020-10-17T17:34:17.3177859,2020-10-17T17:34:17.3177859
"Ellipse",1939,68.749537023127,102.61462675256,140.77756726033,2020-10-17T17:34:17.3177859,2020-10-17T17:34:17.3177859
"Ellipse",1940,68.749537023127,115.05193827625,242.45464809936,2020-10-17T17:34:17.8232420,2020-10-17T17:34:17.8232420
"Ellipse",1940,68.749537023127,102.7089806745,140.18150814703,2020-10-17T17:34:17.8232420,2020-10-17T17:34:17.8232420
"Ellipse",1941,68.749537023127,114.83515242755,242.41023710952,2020-10-17T17:34:18.3176871,2020-10-17T17:34:18.3176871
"Ellipse",1941,68.749537023127,102.71163319439,140.22470632816,2020-10-17T17:34:18.3176871,2020-10-17T17:34:18.3176871
"Ellipse",1942,68.749537023127,114.9744072262,243.23259315017,2020-10-17T17:34:18.8121323,2020-10-17T17:34:18.8121323
"Ellipse",1942,68.749537023127,102.66616142478,140.64532019704,2020-10-17T17:34:18.8121323,2020-10-17T17:34:18.8121323
"Ellipse",1943,68.749537023127,115.10462928114,245.61761385021,2020-10-17T17:34:19.3075787,2020-10-17T17:34:19.3075787
"Ellipse",1943,68.749537023127,102.78325123153,140.81470253884,2020-10-17T17:34:19.3075787,2020-10-17T17:34:19.3075787
"Ellipse",1944,68.749537023127,115.1494166353,246.09183289424,2020-10-17T17:34:19.8080296,2020-10-17T17:34:19.8080296
"Ellipse",1944,68.749537023127,102.76127320955,141.10723759,2020-10-17T17:34:19.8080296,2020-10-17T17:34:19.8080296
"Ellipse",1945,68.749537023127,114.90854347008,245.36168611216,2020-10-17T17:34:20.3074795,2020-10-17T17:34:20.3074795
"Ellipse",1945,68.749537023127,102.74649488443,140.92838196287,2020-10-17T17:34:20.3074795,2020-10-17T17:34:20.3074795
"Ellipse",1946,68.749537023127,115.20436582612,246.02145276628,2020-10-17T17:34:20.8069295,2020-10-17T17:34:20.8069295
"Ellipse",1946,68.749537023127,102.62106858659,141.28912466844,2020-10-17T17:34:20.8069295,2020-10-17T17:34:20.8069295
"Ellipse",1947,68.749537023127,115.10613473843,245.17162213022,2020-10-17T17:34:21.3083813,2020-10-17T17:34:21.3083813
"Ellipse",1947,68.749537023127,102.84653277757,141.28268283441,2020-10-17T17:34:21.3083813,2020-10-17T17:34:21.3083813
"Ellipse",1948,68.749537023127,114.98456906285,246.06097101995,2020-10-17T17:34:21.8088322,2020-10-17T17:34:21.8088322
"Ellipse",1948,68.749537023127,102.70291777188,141.35771125426,2020-10-17T17:34:21.8088322,2020-10-17T17:34:21.8088322
"Ellipse",1949,68.749537023127,115.28641324802,245.4791117802,2020-10-17T17:34:22.3082822,2020-10-17T17:34:22.3082822
"Ellipse",1949,68.749537023127,102.8306176582,141.08450170519,2020-10-17T17:34:22.3082822,2020-10-17T17:34:22.3082822
"Ellipse",1950,68.749537023127,115.07489649981,245.97515995484,2020-10-17T17:34:22.8237469,2020-10-17T17:34:22.8237469
"Ellipse",1950,68.749537023127,102.64986737401,141.04622963244,2020-10-17T17:34:22.8237469,2020-10-17T17:34:22.8237469
"Ellipse",1951,68.749537023127,114.95747083177,244.42642077531,2020-10-17T17:34:23.3091840,2020-10-17T17:34:23.3091840
"Ellipse",1951,68.749537023127,102.67032967033,141.22546419098,2020-10-17T17:34:23.3091840,2020-10-17T17:34:23.3091840
"Ellipse",1952,68.749537023127,114.74219044035,242.8434324426,2020-10-17T17:34:23.8106358,2020-10-17T17:34:23.8106358
"Ellipse",1952,68.749537023127,102.61841606669,141.13148920046,2020-10-17T17:34:23.8106358,2020-10-17T17:34:23.8106358
"Ellipse",1953,68.749537023127,114.3951825367,241.77606322921,2020-10-17T17:34:24.3060821,2020-10-17T17:34:24.3060821
"Ellipse",1953,68.749537023127,102.59757483895,141.203486169,2020-10-17T17:34:24.3060821,2020-10-17T17:34:24.3060821
"Ellipse",1954,68.749537023127,114.19458035378,240.29883327061,2020-10-17T17:34:24.8155411,2020-10-17T17:34:24.8155411
"Ellipse",1954,68.749537023127,102.66275104206,141.12845774915,2020-10-17T17:34:24.8155411,2020-10-17T17:34:24.8155411
"Ellipse",1955,68.749537023127,114.04817463305,238.79902145277,2020-10-17T17:34:25.3069839,2020-10-17T17:34:25.3069839
"Ellipse",1955,68.749537023127,102.62637362637,140.74914740432,2020-10-17T17:34:25.3069839,2020-10-17T17:34:25.3069839
"Ellipse",1956,68.749537023127,114.10764019571,237.31162965751,2020-10-17T17:34:25.8084357,2020-10-17T17:34:25.8084357
"Ellipse",1956,68.749537023127,102.66426676772,141.35657446002,2020-10-17T17:34:25.8084357,2020-10-17T17:34:25.8084357
"Ellipse",1957,68.749537023127,115.07530120482,250.25301204819,2020-10-17T17:34:26.3078857,2020-10-17T17:34:26.3078857
"Ellipse",1957,68.749537023127,102.5339143615,141.45244410762,2020-10-17T17:34:26.3078857,2020-10-17T17:34:26.3078857
"Ellipse",1958,68.749537023127,115.30120481928,249.49096385542,2020-10-17T17:34:26.8083366,2020-10-17T17:34:26.8083366
"Ellipse",1958,68.749537023127,102.7627889352,141.1129215612,2020-10-17T17:34:26.8083366,2020-10-17T17:34:26.8083366
"Ellipse",1959,68.749537023127,115.13328313253,249.99774096386,2020-10-17T17:34:27.3147929,2020-10-17T17:34:27.3147929
"Ellipse",1959,68.749537023127,102.68169761273,140.92345585449,2020-10-17T17:34:27.3147929,2020-10-17T17:34:27.3147929
"Ellipse",1960,68.749537023127,115.24397590361,249.46649096386,2020-10-17T17:34:27.8102392,2020-10-17T17:34:27.8102392
"Ellipse",1960,68.749537023127,102.54831375521,140.74232663888,2020-10-17T17:34:27.8102392,2020-10-17T17:34:27.8102392
"Ellipse",1961,68.749537023127,115.08057228916,249.38253012048,2020-10-17T17:34:28.3196982,2020-10-17T17:34:28.3196982
"Ellipse",1961,68.749537023127,102.60363774157,141.01288366806,2020-10-17T17:34:28.3196982,2020-10-17T17:34:28.3196982
"Ellipse",1962,68.749537023127,115.25564759036,248.46987951807,2020-10-17T17:34:28.8081383,2020-10-17T17:34:28.8081383
"Ellipse",1962,68.749537023127,102.73550587344,141.02387267905,2020-10-17T17:34:28.8081383,2020-10-17T17:34:28.8081383
"Ellipse",1963,68.749537023127,115.25527108434,248.02070783133,2020-10-17T17:34:29.3176028,2020-10-17T17:34:29.3176028
"Ellipse",1963,68.749537023127,102.58885941645,141.07275483138,2020-10-17T17:34:29.3176028,2020-10-17T17:34:29.3176028
"Ellipse",1964,68.749537023127,114.80007530121,247.34902108434,2020-10-17T17:34:29.8080392,2020-10-17T17:34:29.8080392
"Ellipse",1964,68.749537023127,102.68056081849,141.07010231148,2020-10-17T17:34:29.8080392,2020-10-17T17:34:29.8080392
"Ellipse",1965,68.749537023127,114.8452560241,249.00865963855,2020-10-17T17:34:30.3074892,2020-10-17T17:34:30.3074892
"Ellipse",1965,68.749537023127,102.55134520652,141.30958696476,2020-10-17T17:34:30.3074892,2020-10-17T17:34:30.3074892
"Ellipse",1966,68.749537023127,115.09563253012,249.23192771084,2020-10-17T17:34:30.8079401,2020-10-17T17:34:30.8079401
"Ellipse",1966,68.749537023127,102.57862826828,141.08033345964,2020-10-17T17:34:30.8079401,2020-10-17T17:34:30.8079401
"Ellipse",1967,68.749537023127,115.34563253012,249.77259036145,2020-10-17T17:34:31.3073900,2020-10-17T17:34:31.3073900
"Ellipse",1967,68.749537023127,102.5225464191,141.11102690413,2020-10-17T17:34:31.3073900,2020-10-17T17:34:31.3073900
"Ellipse",1968,68.749537023127,115.07831325301,250.16378012048,2020-10-17T17:34:31.8088418,2020-10-17T17:34:31.8088418
"Ellipse",1968,68.749537023127,102.55627131489,141.23910572186,2020-10-17T17:34:31.8088418,2020-10-17T17:34:31.8088418
"Ellipse",1969,68.749537023127,115.28878012048,253.62876506024,2020-10-17T17:34:32.3072909,2020-10-17T17:34:32.3072909
"Ellipse",1969,68.749537023127,102.8135657446,142.28154604017,2020-10-17T17:34:32.3072909,2020-10-17T17:34:32.3072909
"Ellipse",1970,68.749537023127,115.74962349398,255.20218373494,2020-10-17T17:34:32.8077418,2020-10-17T17:34:32.8077418
"Ellipse",1970,68.749537023127,102.81129215612,142.81129215612,2020-10-17T17:34:32.8077418,2020-10-17T17:34:32.8077418
"Ellipse",1971,68.749537023127,116.04141566265,254.78501506024,2020-10-17T17:34:33.3121963,2020-10-17T17:34:33.3121963
"Ellipse",1971,68.749537023127,102.74801061008,142.81318681319,2020-10-17T17:34:33.3121963,2020-10-17T17:34:33.3121963
"Ellipse",1972,68.749537023127,115.05335820896,251.10820895522,2020-10-17T17:34:33.8186526,2020-10-17T17:34:33.8186526
"Ellipse",1972,68.749537023127,102.71314892005,143.20689655172,2020-10-17T17:34:33.8186526,2020-10-17T17:34:33.8186526
"Ellipse",1973,68.749537023127,115.5078358209,253.46492537313,2020-10-17T17:34:34.3060918,2020-10-17T17:34:34.3060918
"Ellipse",1973,68.749537023127,102.75672603259,143.03069344449,2020-10-17T17:34:34.3060918,2020-10-17T17:34:34.3060918
"Ellipse",1974,68.749537023127,115.375,255.32126865672,2020-10-17T17:34:34.8075435,2020-10-17T17:34:34.8075435
"Ellipse",1974,68.749537023127,102.83289124668,143.30693444487,2020-10-17T17:34:34.8075435,2020-10-17T17:34:34.8075435
"Ellipse",1975,68.749537023127,115.92985074627,256.01753731343,2020-10-17T17:34:35.3119980,2020-10-17T17:34:35.3119980
"Ellipse",1975,68.749537023127,102.80143993937,142.9829480864,2020-10-17T17:34:35.3119980,2020-10-17T17:34:35.3119980
"Ellipse",1976,68.749537023127,115.74179104478,255.7973880597,2020-10-17T17:34:35.8064435,2020-10-17T17:34:35.8064435
"Ellipse",1976,68.749537023127,102.84539598333,143.00189465707,2020-10-17T17:34:35.8064435,2020-10-17T17:34:35.8064435
"Ellipse",1977,68.749537023127,115.75485074627,256.11343283582,2020-10-17T17:34:36.3128998,2020-10-17T17:34:36.3128998
"Ellipse",1977,68.749537023127,102.8757104964,143.13906782872,2020-10-17T17:34:36.3128998,2020-10-17T17:34:36.3128998
"Ellipse",1978,68.749537023127,115.51380597015,254.39291044776,2020-10-17T17:34:36.8083462,2020-10-17T17:34:36.8083462
"Ellipse",1978,68.749537023127,102.70140204623,143.02955665025,2020-10-17T17:34:36.8083462,2020-10-17T17:34:36.8083462
"Ellipse",1979,68.749537023127,115.22649253731,250.36156716418,2020-10-17T17:34:37.3077962,2020-10-17T17:34:37.3077962
"Ellipse",1979,68.749537023127,102.7711254263,142.62372110648,2020-10-17T17:34:37.3077962,2020-10-17T17:34:37.3077962
"Ellipse",1980,68.749537023127,114.74067164179,248.575,2020-10-17T17:34:37.8082471,2020-10-17T17:34:37.8082471
"Ellipse",1980,68.749537023127,102.94467601364,142.46873815839,2020-10-17T17:34:37.8082471,2020-10-17T17:34:37.8082471
"Ellipse",1981,68.749537023127,113.64240150094,243.15084427767,2020-10-17T17:34:38.3167052,2020-10-17T17:34:38.3167052
"Ellipse",1981,68.749537023127,102.75483137552,142.7146646457,2020-10-17T17:34:38.3167052,2020-10-17T17:34:38.3167052
"Ellipse",1982,68.749537023127,114.50168855535,248.04915572233,2020-10-17T17:34:38.8081479,2020-10-17T17:34:38.8081479
"Ellipse",1982,68.749537023127,102.84046987495,142.51610458507,2020-10-17T17:34:38.8081479,2020-10-17T17:34:38.8081479
"Ellipse",1983,68.749537023127,115.07467166979,251.54183864916,2020-10-17T17:34:39.3085988,2020-10-17T17:34:39.3085988
"Ellipse",1983,68.749537023127,102.95983327018,142.42402425161,2020-10-17T17:34:39.3085988,2020-10-17T17:34:39.3085988
"Ellipse",1984,68.749537023127,115.04315196998,252.87354596623,2020-10-17T17:34:39.8140542,2020-10-17T17:34:39.8140542
"Ellipse",1984,68.749537023127,102.74043198181,142.69420234938,2020-10-17T17:34:39.8140542,2020-10-17T17:34:39.8140542
"Ellipse",1985,68.749537023127,115.11669793621,252.69155722327,2020-10-17T17:34:40.3095006,2020-10-17T17:34:40.3095006
"Ellipse",1985,68.749537023127,102.62788935203,142.41076165214,2020-10-17T17:34:40.3095006,2020-10-17T17:34:40.3095006
"Ellipse",1986,68.749537023127,115.04577861163,252.33996247655,2020-10-17T17:34:40.8069488,2020-10-17T17:34:40.8069488
"Ellipse",1986,68.749537023127,102.65214096249,142.6752557787,2020-10-17T17:34:40.8069488,2020-10-17T17:34:40.8069488
"Ellipse",1987,68.749537023127,115.09155722327,250.33658536585,2020-10-17T17:34:41.3234141,2020-10-17T17:34:41.3234141
"Ellipse",1987,68.749537023127,102.76127320955,142.71618037135,2020-10-17T17:34:41.3234141,2020-10-17T17:34:41.3234141
"Ellipse",1988,68.749537023127,114.98874296435,250.74896810507,2020-10-17T17:34:41.8078506,2020-10-17T17:34:41.8078506
"Ellipse",1988,68.749537023127,102.89086775294,142.61197423266,2020-10-17T17:34:41.8078506,2020-10-17T17:34:41.8078506
"Ellipse",1989,68.749537023127,114.07542213884,244.96135084428,2020-10-17T17:34:42.3083014,2020-10-17T17:34:42.3083014
"Ellipse",1989,68.749537023127,102.89086775294,142.58961727927,2020-10-17T17:34:42.3083014,2020-10-17T17:34:42.3083014
"Ellipse",1990,68.749537023127,113.00187617261,234.26791744841,2020-10-17T17:34:42.8217644,2020-10-17T17:34:42.8217644
"Ellipse",1990,68.749537023127,102.79424024252,142.1693823418,2020-10-17T17:34:42.8217644,2020-10-17T17:34:42.8217644
"Ellipse",1991,68.749537023127,112.7993260951,238.37663796331,2020-10-17T17:34:43.3162095,2020-10-17T17:34:43.3162095
"Ellipse",1991,68.749537023127,102.74118984464,141.66312997348,2020-10-17T17:34:43.3162095,2020-10-17T17:34:43.3162095
"Ellipse",1992,68.749537023127,113.31411456383,246.61662298765,2020-10-17T17:34:43.8156595,2020-10-17T17:34:43.8156595
"Ellipse",1992,68.749537023127,102.84501705191,142.15195149678,2020-10-17T17:34:43.8156595,2020-10-17T17:34:43.8156595
"Ellipse",1993,68.749537023127,113.97379258705,249.89142643205,2020-10-17T17:34:44.3101050,2020-10-17T17:34:44.3101050
"Ellipse",1993,68.749537023127,102.76392572944,141.92118226601,2020-10-17T17:34:44.3101050,2020-10-17T17:34:44.3101050
"Ellipse",1994,68.749537023127,114.24747285661,251.01684762261,2020-10-17T17:34:44.8065523,2020-10-17T17:34:44.8065523
"Ellipse",1994,68.749537023127,102.71201212581,142.31337627889,2020-10-17T17:34:44.8065523,2020-10-17T17:34:44.8065523
"Ellipse",1995,68.749537023127,114.30737551479,252.23137401722,2020-10-17T17:34:45.3080041,2020-10-17T17:34:45.3080041
"Ellipse",1995,68.749537023127,102.74118984464,142.27434634331,2020-10-17T17:34:45.3080041,2020-10-17T17:34:45.3080041
"Ellipse",1996,68.749537023127,114.36578060651,251.89928865593,2020-10-17T17:34:45.8084549,2020-10-17T17:34:45.8084549
"Ellipse",1996,68.749537023127,102.82303902994,142.19818112922,2020-10-17T17:34:45.8084549,2020-10-17T17:34:45.8084549
"Ellipse",1997,68.749537023127,114.14676151254,250.68438786971,2020-10-17T17:34:46.3079049,2020-10-17T17:34:46.3079049
"Ellipse",1997,68.749537023127,102.64228874574,142.2061386889,2020-10-17T17:34:46.3079049,2020-10-17T17:34:46.3079049
"Ellipse",1998,68.749537023127,113.42231374017,247.01235492325,2020-10-17T17:34:46.8073540,2020-10-17T17:34:46.8073540
"Ellipse",1998,68.749537023127,102.73853732474,141.61917392952,2020-10-17T17:34:46.8073540,2020-10-17T17:34:46.8073540
"Ellipse",1999,68.749537023127,113.10146012729,242.96368401348,2020-10-17T17:34:47.3088067,2020-10-17T17:34:47.3088067
"Ellipse",1999,68.749537023127,102.62599469496,141.84350132626,2020-10-17T17:34:47.3088067,2020-10-17T17:34:47.3088067
"Ellipse",2000,68.749537023127,113.19422572179,241.14323209599,2020-10-17T17:34:47.8072558,2020-10-17T17:34:47.8072558
"Ellipse",2000,68.749537023127,102.74384236453,140.50776809398,2020-10-17T17:34:47.8072558,2020-10-17T17:34:47.8072558
"Ellipse",2001,68.749537023127,113.61904761905,246.6621672291,2020-10-17T17:34:48.3177157,2020-10-17T17:34:48.3177157
"Ellipse",2001,68.749537023127,102.68510799545,141.65441455097,2020-10-17T17:34:48.3177157,2020-10-17T17:34:48.3177157
"Ellipse",2002,68.749537023127,113.98575178103,248.56167979003,2020-10-17T17:34:48.8061561,2020-10-17T17:34:48.8061561
"Ellipse",2002,68.749537023127,102.77415687761,141.74535809019,2020-10-17T17:34:48.8061561,2020-10-17T17:34:48.8061561
"Ellipse",2003,68.749537023127,114.39520059993,249.03674540682,2020-10-17T17:34:49.3086084,2020-10-17T17:34:49.3086084
"Ellipse",2003,68.749537023127,102.84350132626,141.51534672224,2020-10-17T17:34:49.3086084,2020-10-17T17:34:49.3086084
"Ellipse",2004,68.749537023127,113.76902887139,249.42219722535,2020-10-17T17:34:49.8070575,2020-10-17T17:34:49.8070575
"Ellipse",2004,68.749537023127,102.72716938234,142.12807881773,2020-10-17T17:34:49.8070575,2020-10-17T17:34:49.8070575
"Ellipse",2005,68.749537023127,113.72403449569,249.43907011624,2020-10-17T17:34:50.3105111,2020-10-17T17:34:50.3105111
"Ellipse",2005,68.749537023127,102.62788935203,141.71011746874,2020-10-17T17:34:50.3105111,2020-10-17T17:34:50.3105111
"Ellipse",2006,68.749537023127,113.86689163855,248.94600674916,2020-10-17T17:34:50.8139647,2020-10-17T17:34:50.8139647
"Ellipse",2006,68.749537023127,102.65138309966,141.53770367564,2020-10-17T17:34:50.8139647,2020-10-17T17:34:50.8139647
"Ellipse",2007,68.749537023127,114.14226881318,249.87308124298,2020-10-17T17:34:51.3084102,2020-10-17T17:34:51.3084102
"Ellipse",2007,68.749537023127,102.64948844259,141.02197802198,2020-10-17T17:34:51.3084102,2020-10-17T17:34:51.3084102
"Ellipse",2008,68.749537023127,114.20741295395,248.82478472482,2020-10-17T17:34:51.8128647,2020-10-17T17:34:51.8128647
"Ellipse",2008,68.749537023127,102.67563471012,140.94240242516,2020-10-17T17:34:51.8128647,2020-10-17T17:34:51.8128647
"Ellipse",2009,68.749537023127,114.33957319356,248.45301385249,2020-10-17T17:34:52.3073102,2020-10-17T17:34:52.3073102
"Ellipse",2009,68.749537023127,102.70973853733,140.46570670709,2020-10-17T17:34:52.3073102,2020-10-17T17:34:52.3073102
"Ellipse",2010,68.749537023127,114.08985398727,246.3350804942,2020-10-17T17:34:52.8187710,2020-10-17T17:34:52.8187710
"Ellipse",2010,68.749537023127,102.56157635468,140.49829480864,2020-10-17T17:34:52.8187710,2020-10-17T17:34:52.8187710
"Ellipse",2011,68.749537023127,113.86184949457,244.99700486709,2020-10-17T17:34:53.3212237,2020-10-17T17:34:53.3212237
"Ellipse",2011,68.749537023127,102.6384994316,140.85259568018,2020-10-17T17:34:53.3212237,2020-10-17T17:34:53.3212237
"Ellipse",2012,68.749537023127,113.83377012355,244.49794084613,2020-10-17T17:34:53.8086628,2020-10-17T17:34:53.8086628
"Ellipse",2012,68.749537023127,102.61159530125,140.69647593786,2020-10-17T17:34:53.8086628,2020-10-17T17:34:53.8086628
"Ellipse",2013,68.749537023127,113.69187570198,244.06851366529,2020-10-17T17:34:54.3071119,2020-10-17T17:34:54.3071119
"Ellipse",2013,68.749537023127,102.63054187192,140.94088669951,2020-10-17T17:34:54.3071119,2020-10-17T17:34:54.3071119
"Ellipse",2014,68.749537023127,113.53126169974,240.44627480344,2020-10-17T17:34:54.8075628,2020-10-17T17:34:54.8075628
"Ellipse",2014,68.749537023127,102.62372110648,140.79537703676,2020-10-17T17:34:54.8075628,2020-10-17T17:34:54.8075628
"Ellipse",2015,68.749537023127,114.4763868066,249.91229385307,2020-10-17T17:34:55.3070128,2020-10-17T17:34:55.3070128
"Ellipse",2015,68.749537023127,102.81887078439,140.3164077302,2020-10-17T17:34:55.3070128,2020-10-17T17:34:55.3070128
"Ellipse",2016,68.749537023127,114.75749625187,250.46889055472,2020-10-17T17:34:55.8074637,2020-10-17T17:34:55.8074637
"Ellipse",2016,68.749537023127,102.58658582797,140.60477453581,2020-10-17T17:34:55.8074637,2020-10-17T17:34:55.8074637
"Ellipse",2017,68.749537023127,114.48688155922,251.6664167916,2020-10-17T17:34:56.3129191,2020-10-17T17:34:56.3129191
"Ellipse",2017,68.749537023127,102.77150435771,140.30238726791,2020-10-17T17:34:56.3129191,2020-10-17T17:34:56.3129191
"Ellipse",2018,68.749537023127,114.65292353823,253.94677661169,2020-10-17T17:34:56.8103688,2020-10-17T17:34:56.8103688
"Ellipse",2018,68.749537023127,102.64797271694,140.93937097385,2020-10-17T17:34:56.8103688,2020-10-17T17:34:56.8103688
"Ellipse",2019,68.749537023127,114.80584707646,254.44002998501,2020-10-17T17:34:57.3078154,2020-10-17T17:34:57.3078154
"Ellipse",2019,68.749537023127,102.553618795,141.88935202728,2020-10-17T17:34:57.3078154,2020-10-17T17:34:57.3078154
"Ellipse",2020,68.749537023127,114.77923538231,251.66341829086,2020-10-17T17:34:57.8222789,2020-10-17T17:34:57.8222789
"Ellipse",2020,68.749537023127,102.77643046609,141.5028419856,2020-10-17T17:34:57.8222789,2020-10-17T17:34:57.8222789
"Ellipse",2021,68.749537023127,114.38305847077,249.38568215892,2020-10-17T17:34:58.3247316,2020-10-17T17:34:58.3247316
"Ellipse",2021,68.749537023127,102.69041303524,141.5339143615,2020-10-17T17:34:58.3247316,2020-10-17T17:34:58.3247316
"Ellipse",2022,68.749537023127,113.66191904048,247.41416791604,2020-10-17T17:34:58.8221798,2020-10-17T17:34:58.8221798
"Ellipse",2022,68.749537023127,102.6638878363,141.7203486169,2020-10-17T17:34:58.8221798,2020-10-17T17:34:58.8221798
"Ellipse",2023,68.749537023127,113.35494752624,242.89842578711,2020-10-17T17:34:59.3076172,2020-10-17T17:34:59.3076172
"Ellipse",2023,68.749537023127,102.68586585828,141.38347859038,2020-10-17T17:34:59.3076172,2020-10-17T17:34:59.3076172
"Ellipse",2024,68.749537023127,113.92713754647,250.42230483271,2020-10-17T17:34:59.8090690,2020-10-17T17:34:59.8090690
"Ellipse",2024,68.749537023127,102.6441834028,141.40545661235,2020-10-17T17:34:59.8090690,2020-10-17T17:34:59.8090690
"Ellipse",2025,68.749537023127,113.95687732342,252.34646840149,2020-10-17T17:35:00.3065171,2020-10-17T17:35:00.3065171
"Ellipse",2025,68.749537023127,102.74914740432,141.51648351648,2020-10-17T17:35:00.3065171,2020-10-17T17:35:00.3065171
"Ellipse",2026,68.749537023127,113.80446096654,254.49925650558,2020-10-17T17:35:00.8079689,2020-10-17T17:35:00.8079689
"Ellipse",2026,68.749537023127,102.7457370216,141.78438802577,2020-10-17T17:35:00.8079689,2020-10-17T17:35:00.8079689
"Ellipse",2027,68.749537023127,113.97472118959,256.48698884758,2020-10-17T17:35:01.3074189,2020-10-17T17:35:01.3074189
"Ellipse",2027,68.749537023127,102.62106858659,141.67184539598,2020-10-17T17:35:01.3074189,2020-10-17T17:35:01.3074189
"Ellipse",2028,68.749537023127,113.81226765799,255.03940520446,2020-10-17T17:35:01.8088707,2020-10-17T17:35:01.8088707
"Ellipse",2028,68.749537023127,102.60212201592,142.12315270936,2020-10-17T17:35:01.8088707,2020-10-17T17:35:01.8088707
"Ellipse",2029,68.749537023127,114.34498141264,255.57397769517,2020-10-17T17:35:02.3233345,2020-10-17T17:35:02.3233345
"Ellipse",2029,68.749537023127,102.74838954149,142.06328154604,2020-10-17T17:35:02.3233345,2020-10-17T17:35:02.3233345
"Ellipse",2030,68.749537023127,114.23308550186,255.83345724907,2020-10-17T17:35:02.8187809,2020-10-17T17:35:02.8187809
"Ellipse",2030,68.749537023127,102.76468359227,141.824933687,2020-10-17T17:35:02.8187809,2020-10-17T17:35:02.8187809
"Ellipse",2031,68.749537023127,114.31933085502,255.34721189591,2020-10-17T17:35:03.3062198,2020-10-17T17:35:03.3062198
"Ellipse",2031,68.749537023127,102.54604016673,141.37362637363,2020-10-17T17:35:03.3062198,2020-10-17T17:35:03.3062198
"Ellipse",2032,68.749537023127,114.09144981413,256.55130111524,2020-10-17T17:35:03.8166877,2020-10-17T17:35:03.8166877
"Ellipse",2032,68.749537023127,102.67904509284,141.43198181129,2020-10-17T17:35:03.8166877,2020-10-17T17:35:03.8166877
"Ellipse",2033,68.749537023127,113.8624535316,257.76914498141,2020-10-17T17:35:04.3081224,2020-10-17T17:35:04.3081224
"Ellipse",2033,68.749537023127,102.42895035999,141.3531640773,2020-10-17T17:35:04.3081224,2020-10-17T17:35:04.3081224
"Ellipse",2034,68.749537023127,113.85390334573,256.62416356877,2020-10-17T17:35:04.8095742,2020-10-17T17:35:04.8095742
"Ellipse",2034,68.749537023127,102.60060629026,141.15687760515,2020-10-17T17:35:04.8095742,2020-10-17T17:35:04.8095742
"Ellipse",2035,68.749537023127,113.87434944238,255.61412639405,2020-10-17T17:35:05.3060209,2020-10-17T17:35:05.3060209
"Ellipse",2035,68.749537023127,102.6131110269,141.63471011747,2020-10-17T17:35:05.3060209,2020-10-17T17:35:05.3060209
"Ellipse",2036,68.749537023127,113.83717472119,253.95539033457,2020-10-17T17:35:05.8074733,2020-10-17T17:35:05.8074733
"Ellipse",2036,68.749537023127,102.47101174687,141.01061007958,2020-10-17T17:35:05.8074733,2020-10-17T17:35:05.8074733
"Ellipse",2037,68.749537023127,113.4531598513,253.4405204461,2020-10-17T17:35:06.3189341,2020-10-17T17:35:06.3189341
"Ellipse",2037,68.749537023127,102.75179992421,141.39295187571,2020-10-17T17:35:06.3189341,2020-10-17T17:35:06.3189341
"Ellipse",2038,68.749537023127,113.02936802974,252.43159851301,2020-10-17T17:35:06.8193850,2020-10-17T17:35:06.8193850
"Ellipse",2038,68.749537023127,102.47139067829,141.35733232285,2020-10-17T17:35:06.8193850,2020-10-17T17:35:06.8193850
"Ellipse",2039,68.749537023127,112.64312267658,251.72342007435,2020-10-17T17:35:07.3238395,2020-10-17T17:35:07.3238395
"Ellipse",2039,68.749537023127,102.71163319439,141.38461538462,2020-10-17T17:35:07.3238395,2020-10-17T17:35:07.3238395
"Ellipse",2040,68.749537023127,112.4780669145,250.53828996283,2020-10-17T17:35:07.8082759,2020-10-17T17:35:07.8082759
"Ellipse",2040,68.749537023127,102.55210306934,141.69306555514,2020-10-17T17:35:07.8082759,2020-10-17T17:35:07.8082759
"Ellipse",2041,68.749537023127,112.60111524164,249.93011152416,2020-10-17T17:35:08.3197371,2020-10-17T17:35:08.3197371
"Ellipse",2041,68.749537023127,102.5168624479,141.61765820387,2020-10-17T17:35:08.3197371,2020-10-17T17:35:08.3197371
"Ellipse",2042,68.749537023127,114.07388059702,258.89216417911,2020-10-17T17:35:08.8081768,2020-10-17T17:35:08.8081768
"Ellipse",2042,68.749537023127,102.72982190224,141.28723001137,2020-10-17T17:35:08.8081768,2020-10-17T17:35:08.8081768
"Ellipse",2043,68.749537023127,113.86380597015,258.74701492537,2020-10-17T17:35:09.3076268,2020-10-17T17:35:09.3076268
"Ellipse",2043,68.749537023127,102.689276241,141.5054945055,2020-10-17T17:35:09.3076268,2020-10-17T17:35:09.3076268
"Ellipse",2044,68.749537023127,113.92425373134,258.25298507463,2020-10-17T17:35:09.8060759,2020-10-17T17:35:09.8060759
"Ellipse",2044,68.749537023127,102.49223190603,141.43766578249,2020-10-17T17:35:09.8060759,2020-10-17T17:35:09.8060759
"Ellipse",2045,68.749537023127,113.84029850746,256.57388059702,2020-10-17T17:35:10.3075277,2020-10-17T17:35:10.3075277
"Ellipse",2045,68.749537023127,102.59378552482,139.86206896552,2020-10-17T17:35:10.3075277,2020-10-17T17:35:10.3075277
"Ellipse",2046,68.749537023127,113.68694029851,258.29514925373,2020-10-17T17:35:10.8069777,2020-10-17T17:35:10.8069777
"Ellipse",2046,68.749537023127,102.67866616143,141.09397499053,2020-10-17T17:35:10.8069777,2020-10-17T17:35:10.8069777
"Ellipse",2047,68.749537023127,113.69141791045,258.32947761194,2020-10-17T17:35:11.3144349,2020-10-17T17:35:11.3144349
"Ellipse",2047,68.749537023127,102.61121636984,141.24820007579,2020-10-17T17:35:11.3144349,2020-10-17T17:35:11.3144349
"Ellipse",2048,68.749537023127,113.93395522388,257.08171641791,2020-10-17T17:35:11.8058776,2020-10-17T17:35:11.8058776
"Ellipse",2048,68.749537023127,102.70367563471,141.34899583175,2020-10-17T17:35:11.8058776,2020-10-17T17:35:11.8058776
"Ellipse",2049,68.749537023127,113.5828358209,257.20373134328,2020-10-17T17:35:12.3073294,2020-10-17T17:35:12.3073294
"Ellipse",2049,68.749537023127,102.75369458128,141.68018188708,2020-10-17T17:35:12.3073294,2020-10-17T17:35:12.3073294
"Ellipse",2050,68.749537023127,113.62425373134,256.13955223881,2020-10-17T17:35:12.8177896,2020-10-17T17:35:12.8177896
"Ellipse",2050,68.749537023127,102.76619931792,141.52482000758,2020-10-17T17:35:12.8177896,2020-10-17T17:35:12.8177896
"Ellipse",2051,68.749537023127,113.31865671642,255.52164179105,2020-10-17T17:35:13.3072303,2020-10-17T17:35:13.3072303
"Ellipse",2051,68.749537023127,102.80560818492,141.039408867,2020-10-17T17:35:13.3072303,2020-10-17T17:35:13.3072303
"Ellipse",2052,68.749537023127,113.63246268657,255.05634328358,2020-10-17T17:35:13.8056794,2020-10-17T17:35:13.8056794
"Ellipse",2052,68.749537023127,102.61841606669,141.1015536188,2020-10-17T17:35:13.8056794,2020-10-17T17:35:13.8056794
"Ellipse",2053,68.749537023127,113.29888059702,254.84365671642,2020-10-17T17:35:14.3071312,2020-10-17T17:35:14.3071312
"Ellipse",2053,68.749537023127,102.42440318302,141.66540356196,2020-10-17T17:35:14.3071312,2020-10-17T17:35:14.3071312
"Ellipse",2054,68.749537023127,113.37089552239,254.54664179105,2020-10-17T17:35:14.8115856,2020-10-17T17:35:14.8115856
"Ellipse",2054,68.749537023127,102.55058734369,141.51496779083,2020-10-17T17:35:14.8115856,2020-10-17T17:35:14.8115856
"Ellipse",2055,68.749537023127,113.52164179105,255.49776119403,2020-10-17T17:35:15.3070320,2020-10-17T17:35:15.3070320
"Ellipse",2055,68.749537023127,102.75369458128,141.26638878363,2020-10-17T17:35:15.3070320,2020-10-17T17:35:15.3070320
"Ellipse",2056,68.749537023127,113.60111940299,255.46455223881,2020-10-17T17:35:15.8074829,2020-10-17T17:35:15.8074829
"Ellipse",2056,68.749537023127,102.87533156499,141.47783251232,2020-10-17T17:35:15.8074829,2020-10-17T17:35:15.8074829
"Ellipse",2057,68.749537023127,113.62425373134,254.92201492537,2020-10-17T17:35:16.3069329,2020-10-17T17:35:16.3069329
"Ellipse",2057,68.749537023127,102.59113300493,140.94316028799,2020-10-17T17:35:16.3069329,2020-10-17T17:35:16.3069329
"Ellipse",2058,68.749537023127,113.55671641791,254.90820895522,2020-10-17T17:35:16.8063829,2020-10-17T17:35:16.8063829
"Ellipse",2058,68.749537023127,102.60666919288,140.98067449792,2020-10-17T17:35:16.8063829,2020-10-17T17:35:16.8063829
"Ellipse",2059,68.749537023127,113.8921641791,254.51119402985,2020-10-17T17:35:17.3108374,2020-10-17T17:35:17.3108374
"Ellipse",2059,68.749537023127,102.40659340659,140.88366805608,2020-10-17T17:35:17.3108374,2020-10-17T17:35:17.3108374
"Ellipse",2060,68.749537023127,113.59067164179,254.73805970149,2020-10-17T17:35:17.8072847,2020-10-17T17:35:17.8072847
"Ellipse",2060,68.749537023127,102.62447896931,140.80522925351,2020-10-17T17:35:17.8072847,2020-10-17T17:35:17.8072847
"Ellipse",2061,68.749537023127,113.38619402985,253.44589552239,2020-10-17T17:35:18.3257518,2020-10-17T17:35:18.3257518
"Ellipse",2061,68.749537023127,102.58810155362,140.5225464191,2020-10-17T17:35:18.3257518,2020-10-17T17:35:18.3257518
"Ellipse",2062,68.749537023127,113.52910447761,251.14850746269,2020-10-17T17:35:18.8091873,2020-10-17T17:35:18.8091873
"Ellipse",2062,68.749537023127,102.51193633952,140.27775672603,2020-10-17T17:35:18.8091873,2020-10-17T17:35:18.8091873
"Ellipse",2063,68.749537023127,113.07947761194,248.2223880597,2020-10-17T17:35:19.3086373,2020-10-17T17:35:19.3086373
"Ellipse",2063,68.749537023127,102.24971580144,139.43311860553,2020-10-17T17:35:19.3086373,2020-10-17T17:35:19.3086373
"Ellipse",2064,68.749537023127,113.45895522388,252.50932835821,2020-10-17T17:35:19.8090949,2020-10-17T17:35:19.8090949
"Ellipse",2064,68.749537023127,102.57559681698,140.29897688518,2020-10-17T17:35:19.8090949,2020-10-17T17:35:19.8090949
"Ellipse",2065,68.749537023127,113.32686567164,251.05223880597,2020-10-17T17:35:20.3095391,2020-10-17T17:35:20.3095391
"Ellipse",2065,68.749537023127,102.52557787041,140.00378931413,2020-10-17T17:35:20.3095391,2020-10-17T17:35:20.3095391
"Ellipse",2066,68.749537023127,113.53320895522,253.725,2020-10-17T17:35:20.8069873,2020-10-17T17:35:20.8069873
"Ellipse",2066,68.749537023127,102.57370215991,140.76392572944,2020-10-17T17:35:20.8069873,2020-10-17T17:35:20.8069873
"Ellipse",2067,68.749537023127,113.32126865672,252.93134328358,2020-10-17T17:35:21.3084391,2020-10-17T17:35:21.3084391
"Ellipse",2067,68.749537023127,102.71352785146,140.47290640394,2020-10-17T17:35:21.3084391,2020-10-17T17:35:21.3084391
"Ellipse",2068,68.749537023127,113.71119402985,254.23582089552,2020-10-17T17:35:21.8068881,2020-10-17T17:35:21.8068881
"Ellipse",2068,68.749537023127,102.67601364153,140.63319439182,2020-10-17T17:35:21.8068881,2020-10-17T17:35:21.8068881
"Ellipse",2069,68.749537023127,113.56492537313,254.1921641791,2020-10-17T17:35:22.3083399,2020-10-17T17:35:22.3083399
"Ellipse",2069,68.749537023127,102.59189086775,140.60287987874,2020-10-17T17:35:22.3083399,2020-10-17T17:35:22.3083399
"Ellipse",2070,68.749537023127,113.73544776119,252.7947761194,2020-10-17T17:35:22.8198011,2020-10-17T17:35:22.8198011
"Ellipse",2070,68.749537023127,102.43273967412,140.31830238727,2020-10-17T17:35:22.8198011,2020-10-17T17:35:22.8198011
"Ellipse",2071,68.749537023127,113.14626865672,248.74328358209,2020-10-17T17:35:23.3082408,2020-10-17T17:35:23.3082408
"Ellipse",2071,68.749537023127,102.60022735885,138.89238347859,2020-10-17T17:35:23.3082408,2020-10-17T17:35:23.3082408
"Ellipse",2072,68.749537023127,113.15,252.87611940299,2020-10-17T17:35:23.8237052,2020-10-17T17:35:23.8237052
"Ellipse",2072,68.749537023127,102.51875710496,139.81242895036,2020-10-17T17:35:23.8237052,2020-10-17T17:35:23.8237052
"Ellipse",2073,68.749537023127,113.75485074627,255.16119402985,2020-10-17T17:35:24.3081417,2020-10-17T17:35:24.3081417
"Ellipse",2073,68.749537023127,102.48503220917,140.87116331944,2020-10-17T17:35:24.3081417,2020-10-17T17:35:24.3081417
"Ellipse",2074,68.749537023127,113.18694029851,250.49850746269,2020-10-17T17:35:24.8075917,2020-10-17T17:35:24.8075917
"Ellipse",2074,68.749537023127,102.39749905267,139.41189844638,2020-10-17T17:35:24.8075917,2020-10-17T17:35:24.8075917
"Ellipse",2075,68.749537023127,113.6276119403,255.31641791045,2020-10-17T17:35:25.3080426,2020-10-17T17:35:25.3080426
"Ellipse",2075,68.749537023127,102.60363774157,140.7343690792,2020-10-17T17:35:25.3080426,2020-10-17T17:35:25.3080426
"Ellipse",2076,68.749537023127,113.23358208955,252.61940298508,2020-10-17T17:35:25.8165007,2020-10-17T17:35:25.8165007
"Ellipse",2076,68.749537023127,102.46532777567,139.46646456991,2020-10-17T17:35:25.8165007,2020-10-17T17:35:25.8165007
"Ellipse",2077,68.749537023127,112.98544776119,249.96044776119,2020-10-17T17:35:26.3079434,2020-10-17T17:35:26.3079434
"Ellipse",2077,68.749537023127,102.38613111027,138.91133004926,2020-10-17T17:35:26.3079434,2020-10-17T17:35:26.3079434
"Ellipse",2078,68.749537023127,113.07201492537,250.10820895522,2020-10-17T17:35:26.8083943,2020-10-17T17:35:26.8083943
"Ellipse",2078,68.749537023127,102.59264873058,139.44751799924,2020-10-17T17:35:26.8083943,2020-10-17T17:35:26.8083943
"Ellipse",2079,68.749537023127,113.3447761194,255.1447761194,2020-10-17T17:35:27.3258605,2020-10-17T17:35:27.3258605
"Ellipse",2079,68.749537023127,102.56953391436,140.20917014021,2020-10-17T17:35:27.3258605,2020-10-17T17:35:27.3258605
"Ellipse",2080,68.749537023127,113.63320895522,255.92835820896,2020-10-17T17:35:27.8082952,2020-10-17T17:35:27.8082952
"Ellipse",2080,68.749537023127,102.64986737401,140.37211064797,2020-10-17T17:35:27.8082952,2020-10-17T17:35:27.8082952
"Ellipse",2081,68.749537023127,113.52276119403,255.81902985075,2020-10-17T17:35:28.3187551,2020-10-17T17:35:28.3187551
"Ellipse",2081,68.749537023127,102.64797271694,140.77870405457,2020-10-17T17:35:28.3187551,2020-10-17T17:35:28.3187551
"Ellipse",2082,68.749537023127,113.68171641791,255.8526119403,2020-10-17T17:35:28.8071952,2020-10-17T17:35:28.8071952
"Ellipse",2082,68.749537023127,102.6100795756,140.42402425161,2020-10-17T17:35:28.8071952,2020-10-17T17:35:28.8071952
"Ellipse",2083,68.749537023127,113.1078358209,252.70373134328,2020-10-17T17:35:29.3216587,2020-10-17T17:35:29.3216587
"Ellipse",2083,68.749537023127,102.5790071997,139.81242895036,2020-10-17T17:35:29.3216587,2020-10-17T17:35:29.3216587
"Ellipse",2084,68.749537023127,112.95074626866,250.45671641791,2020-10-17T17:35:29.8211090,2020-10-17T17:35:29.8211090
"Ellipse",2084,68.749537023127,102.48920045472,138.82379689276,2020-10-17T17:35:29.8211090,2020-10-17T17:35:29.8211090
"Ellipse",2085,68.749537023127,112.78992537313,249.97835820896,2020-10-17T17:35:30.3075469,2020-10-17T17:35:30.3075469
"Ellipse",2085,68.749537023127,102.41151951497,139.11367942402,2020-10-17T17:35:30.3075469,2020-10-17T17:35:30.3075469
"Ellipse",2086,68.749537023127,113.11492537313,252.7026119403,2020-10-17T17:35:30.8069969,2020-10-17T17:35:30.8069969
"Ellipse",2086,68.749537023127,102.38499431603,139.64532019704,2020-10-17T17:35:30.8069969,2020-10-17T17:35:30.8069969
"Ellipse",2087,68.749537023127,113.39440298508,256.73656716418,2020-10-17T17:35:31.3074478,2020-10-17T17:35:31.3074478
"Ellipse",2087,68.749537023127,102.48692686624,140.40924592649,2020-10-17T17:35:31.3074478,2020-10-17T17:35:31.3074478
"Ellipse",2088,68.749537023127,112.93619402985,253.97126865672,2020-10-17T17:35:31.8078987,2020-10-17T17:35:31.8078987
"Ellipse",2088,68.749537023127,102.50701023115,139.76809397499,2020-10-17T17:35:31.8078987,2020-10-17T17:35:31.8078987
"Ellipse",2089,68.749537023127,113.25858208955,254.4578358209,2020-10-17T17:35:32.3203607,2020-10-17T17:35:32.3203607
"Ellipse",2089,68.749537023127,102.53808260705,140.02387267905,2020-10-17T17:35:32.3203607,2020-10-17T17:35:32.3203607
"Ellipse",2090,68.749537023127,113.24514925373,255.62388059702,2020-10-17T17:35:32.8128041,2020-10-17T17:35:32.8128041
"Ellipse",2090,68.749537023127,102.54111405836,139.56574460023,2020-10-17T17:35:32.8128041,2020-10-17T17:35:32.8128041
"Ellipse",2091,68.749537023127,112.90223880597,254.40149253731,2020-10-17T17:35:33.3082504,2020-10-17T17:35:33.3082504
"Ellipse",2091,68.749537023127,102.38499431603,139.72565365669,2020-10-17T17:35:33.3082504,2020-10-17T17:35:33.3082504
"Ellipse",2092,68.749537023127,113.26231343284,255.88171641791,2020-10-17T17:35:33.8177098,2020-10-17T17:35:33.8177098
"Ellipse",2092,68.749537023127,102.45737021599,140.10079575597,2020-10-17T17:35:33.8177098,2020-10-17T17:35:33.8177098
"Ellipse",2093,68.749537023127,113.18432835821,254.10820895522,2020-10-17T17:35:34.3061495,2020-10-17T17:35:34.3061495
"Ellipse",2093,68.749537023127,102.51875710496,139.96665403562,2020-10-17T17:35:34.3061495,2020-10-17T17:35:34.3061495
"Ellipse",2094,68.749537023127,112.90074626866,254.33246268657,2020-10-17T17:35:34.8066004,2020-10-17T17:35:34.8066004
"Ellipse",2094,68.749537023127,102.49943160288,139.7400530504,2020-10-17T17:35:34.8066004,2020-10-17T17:35:34.8066004
"Ellipse",2095,68.749537023127,112.83097014925,254.21529850746,2020-10-17T17:35:35.3070510,2020-10-17T17:35:35.3070510
"Ellipse",2095,68.749537023127,102.50397877984,139.40166729822,2020-10-17T17:35:35.3070510,2020-10-17T17:35:35.3070510
"Ellipse",2096,68.749537023127,112.98208955224,256.09179104478,2020-10-17T17:35:35.8095040,2020-10-17T17:35:35.8095040
"Ellipse",2096,68.749537023127,102.70519136036,139.9067828723,2020-10-17T17:35:35.8095040,2020-10-17T17:35:35.8095040
"Ellipse",2097,68.749537023127,112.99179104478,256.09850746269,2020-10-17T17:35:36.3169612,2020-10-17T17:35:36.3169612
"Ellipse",2097,68.749537023127,102.48692686624,139.76809397499,2020-10-17T17:35:36.3169612,2020-10-17T17:35:36.3169612
"Ellipse",2098,68.749537023127,112.77574626866,256.79888059702,2020-10-17T17:35:36.8094048,2020-10-17T17:35:36.8094048
"Ellipse",2098,68.749537023127,102.45699128458,140.17999242137,2020-10-17T17:35:36.8094048,2020-10-17T17:35:36.8094048
"Ellipse",2099,68.749537023127,112.97723880597,255.77723880597,2020-10-17T17:35:37.3078539,2020-10-17T17:35:37.3078539
"Ellipse",2099,68.749537023127,102.5282303903,140.11140583554,2020-10-17T17:35:37.3078539,2020-10-17T17:35:37.3078539
"Ellipse",2100,68.749537023127,113.34589552239,254.87089552239,2020-10-17T17:35:37.8083048,2020-10-17T17:35:37.8083048
"Ellipse",2100,68.749537023127,102.6043956044,139.6752557787,2020-10-17T17:35:37.8083048,2020-10-17T17:35:37.8083048
"Ellipse",2101,68.749537023127,113.11641791045,254.35559701493,2020-10-17T17:35:38.3207668,2020-10-17T17:35:38.3207668
"Ellipse",2101,68.749537023127,102.58772262221,140.14020462296,2020-10-17T17:35:38.3207668,2020-10-17T17:35:38.3207668
"Ellipse",2102,68.749537023127,112.91753731343,253.55895522388,2020-10-17T17:35:38.8082057,2020-10-17T17:35:38.8082057
"Ellipse",2102,68.749537023127,102.56612353164,139.44941265631,2020-10-17T17:35:38.8082057,2020-10-17T17:35:38.8082057
"Ellipse",2103,68.749537023127,112.95223880597,253.53470149254,2020-10-17T17:35:39.3076557,2020-10-17T17:35:39.3076557
"Ellipse",2103,68.749537023127,102.62182644941,139.52557787041,2020-10-17T17:35:39.3076557,2020-10-17T17:35:39.3076557
"Ellipse",2104,68.749537023127,112.8026119403,249.62910447761,2020-10-17T17:35:39.8141120,2020-10-17T17:35:39.8141120
"Ellipse",2104,68.749537023127,102.56271314892,138.9435392194,2020-10-17T17:35:39.8141120,2020-10-17T17:35:39.8141120
"Ellipse",2105,68.749537023127,112.66231343284,247.86791044776,2020-10-17T17:35:40.3095583,2020-10-17T17:35:40.3095583
"Ellipse",2105,68.749537023127,102.57104964002,138.52292535051,2020-10-17T17:35:40.3095583,2020-10-17T17:35:40.3095583
"Ellipse",2106,68.749537023127,112.39179104478,248.54067164179,2020-10-17T17:35:40.8080074,2020-10-17T17:35:40.8080074
"Ellipse",2106,68.749537023127,102.56347101175,139.21523304282,2020-10-17T17:35:40.8080074,2020-10-17T17:35:40.8080074
"Ellipse",2107,68.749537023127,112.66268656716,253.58246268657,2020-10-17T17:35:41.3074574,2020-10-17T17:35:41.3074574
"Ellipse",2107,68.749537023127,102.52027283062,139.54490337249,2020-10-17T17:35:41.3074574,2020-10-17T17:35:41.3074574
"Ellipse",2108,68.749537023127,112.96753731343,252.31753731343,2020-10-17T17:35:41.8069074,2020-10-17T17:35:41.8069074
"Ellipse",2108,68.749537023127,102.33156498674,139.71087533157,2020-10-17T17:35:41.8069074,2020-10-17T17:35:41.8069074
"Ellipse",2109,68.749537023127,112.64776119403,251.32537313433,2020-10-17T17:35:42.3073583,2020-10-17T17:35:42.3073583
"Ellipse",2109,68.749537023127,102.50473664267,139.23758999621,2020-10-17T17:35:42.3073583,2020-10-17T17:35:42.3073583
"Ellipse",2110,68.749537023127,112.79626865672,252.45634328358,2020-10-17T17:35:42.8088101,2020-10-17T17:35:42.8088101
"Ellipse",2110,68.749537023127,102.52292535051,139.10003789314,2020-10-17T17:35:42.8088101,2020-10-17T17:35:42.8088101
"Ellipse",2111,68.749537023127,113.17835820896,256.58880597015,2020-10-17T17:35:43.3072592,2020-10-17T17:35:43.3072592
"Ellipse",2111,68.749537023127,102.43236074271,139.9689276241,2020-10-17T17:35:43.3072592,2020-10-17T17:35:43.3072592
"Ellipse",2112,68.749537023127,112.95223880597,254.04776119403,2020-10-17T17:35:43.8197225,2020-10-17T17:35:43.8197225
"Ellipse",2112,68.749537023127,102.55589238348,139.82379689276,2020-10-17T17:35:43.8197225,2020-10-17T17:35:43.8197225
"Ellipse",2113,68.749537023127,112.87313432836,255.35746268657,2020-10-17T17:35:44.3071600,2020-10-17T17:35:44.3071600
"Ellipse",2113,68.749537023127,102.3868889731,139.76619931792,2020-10-17T17:35:44.3071600,2020-10-17T17:35:44.3071600
"Ellipse",2114,68.749537023127,112.83470149254,255.57798507463,2020-10-17T17:35:44.8086118,2020-10-17T17:35:44.8086118
"Ellipse",2114,68.749537023127,102.64380447139,139.76013641531,2020-10-17T17:35:44.8086118,2020-10-17T17:35:44.8086118
"Ellipse",2115,68.749537023127,112.78134328358,255.10074626866,2020-10-17T17:35:45.3070609,2020-10-17T17:35:45.3070609
"Ellipse",2115,68.749537023127,102.55854490337,139.54262978401,2020-10-17T17:35:45.3070609,2020-10-17T17:35:45.3070609
"Ellipse",2116,68.749537023127,112.75634328358,255.84664179105,2020-10-17T17:35:45.8135175,2020-10-17T17:35:45.8135175
"Ellipse",2116,68.749537023127,102.50738916256,139.92951875711,2020-10-17T17:35:45.8135175,2020-10-17T17:35:45.8135175
"Ellipse",2117,68.749537023127,112.65746268657,254.08134328358,2020-10-17T17:35:46.3119663,2020-10-17T17:35:46.3119663
"Ellipse",2117,68.749537023127,102.47783251232,139.30882910193,2020-10-17T17:35:46.3119663,2020-10-17T17:35:46.3119663
"Ellipse",2118,68.749537023127,112.79962686567,255.12947761194,2020-10-17T17:35:46.8094145,2020-10-17T17:35:46.8094145
"Ellipse",2118,68.749537023127,102.51231527094,139.78021978022,2020-10-17T17:35:46.8094145,2020-10-17T17:35:46.8094145
"Ellipse",2119,68.749537023127,112.75298507463,254.76305970149,2020-10-17T17:35:47.3098653,2020-10-17T17:35:47.3098653
"Ellipse",2119,68.749537023127,102.43273967412,139.75407351269,2020-10-17T17:35:47.3098653,2020-10-17T17:35:47.3098653
"Ellipse",2120,68.749537023127,112.91641791045,255.45671641791,2020-10-17T17:35:47.8083144,2020-10-17T17:35:47.8083144
"Ellipse",2120,68.749537023127,102.4406972338,139.77453580902,2020-10-17T17:35:47.8083144,2020-10-17T17:35:47.8083144
"Ellipse",2121,68.749537023127,112.97425373134,256.30186567164,2020-10-17T17:35:48.3197756,2020-10-17T17:35:48.3197756
"Ellipse",2121,68.749537023127,102.49526335733,140.00341038272,2020-10-17T17:35:48.3197756,2020-10-17T17:35:48.3197756
"Ellipse",2122,68.749537023127,113.05373134328,257.52537313433,2020-10-17T17:35:48.8072144,2020-10-17T17:35:48.8072144
"Ellipse",2122,68.749537023127,102.54869268662,140.00909435392,2020-10-17T17:35:48.8072144,2020-10-17T17:35:48.8072144
"Ellipse",2123,68.749537023127,113.06940298508,257.32313432836,2020-10-17T17:35:49.3156725,2020-10-17T17:35:49.3156725
"Ellipse",2123,68.749537023127,102.48995831755,139.81887078439,2020-10-17T17:35:49.3156725,2020-10-17T17:35:49.3156725
"Ellipse",2124,68.749537023127,112.96343283582,255.29253731343,2020-10-17T17:35:49.8091171,2020-10-17T17:35:49.8091171
"Ellipse",2124,68.749537023127,102.45433876468,140.01439939371,2020-10-17T17:35:49.8091171,2020-10-17T17:35:49.8091171
"Ellipse",2125,68.749537023127,112.77052238806,255.06007462687,2020-10-17T17:35:50.3075662,2020-10-17T17:35:50.3075662
"Ellipse",2125,68.749537023127,102.53012504737,139.4717696097,2020-10-17T17:35:50.3075662,2020-10-17T17:35:50.3075662
"Ellipse",2126,68.749537023127,112.97313432836,255.55373134328,2020-10-17T17:35:50.8070161,2020-10-17T17:35:50.8070161
"Ellipse",2126,68.749537023127,102.53012504737,139.98219022357,2020-10-17T17:35:50.8070161,2020-10-17T17:35:50.8070161
"Ellipse",2127,68.749537023127,112.83208955224,254.59253731343,2020-10-17T17:35:51.3234815,2020-10-17T17:35:51.3234815
"Ellipse",2127,68.749537023127,102.48995831755,139.80826070481,2020-10-17T17:35:51.3234815,2020-10-17T17:35:51.3234815
"Ellipse",2128,68.749537023127,112.36194029851,254.5302238806,2020-10-17T17:35:51.8109206,2020-10-17T17:35:51.8109206
"Ellipse",2128,68.749537023127,102.52140962486,139.70253884047,2020-10-17T17:35:51.8109206,2020-10-17T17:35:51.8109206
"Ellipse",2129,68.749537023127,112.51119402985,254.23582089552,2020-10-17T17:35:52.3073682,2020-10-17T17:35:52.3073682
"Ellipse",2129,68.749537023127,102.39863584691,140.02841985601,2020-10-17T17:35:52.3073682,2020-10-17T17:35:52.3073682
"Ellipse",2130,68.749537023127,112.51305970149,254.65932835821,2020-10-17T17:35:52.8088197,2020-10-17T17:35:52.8088197
"Ellipse",2130,68.749537023127,102.5422508526,139.57483895415,2020-10-17T17:35:52.8088197,2020-10-17T17:35:52.8088197
"Ellipse",2131,68.749537023127,112.66380597015,255.0973880597,2020-10-17T17:35:53.3192799,2020-10-17T17:35:53.3192799
"Ellipse",2131,68.749537023127,102.45926487306,139.44297082228,2020-10-17T17:35:53.3192799,2020-10-17T17:35:53.3192799
"Ellipse",2132,68.749537023127,112.51529850746,255.10335820896,2020-10-17T17:35:53.8247350,2020-10-17T17:35:53.8247350
"Ellipse",2132,68.749537023127,102.41189844638,139.74043198181,2020-10-17T17:35:53.8247350,2020-10-17T17:35:53.8247350
"Ellipse",2133,68.749537023127,112.75223880597,255.2828358209,2020-10-17T17:35:54.3201814,2020-10-17T17:35:54.3201814
"Ellipse",2133,68.749537023127,102.53770367564,139.71542250853,2020-10-17T17:35:54.3201814,2020-10-17T17:35:54.3201814
"Ellipse",2134,68.749537023127,112.54626865672,254.64328358209,2020-10-17T17:35:54.8066196,2020-10-17T17:35:54.8066196
"Ellipse",2134,68.749537023127,102.44941265631,140.20272830618,2020-10-17T17:35:54.8066196,2020-10-17T17:35:54.8066196
"Ellipse",2135,68.749537023127,112.59626865672,255.48619402985,2020-10-17T17:35:55.3080714,2020-10-17T17:35:55.3080714
"Ellipse",2135,68.749537023127,102.4490337249,139.97915877226,2020-10-17T17:35:55.3080714,2020-10-17T17:35:55.3080714
"Ellipse",2136,68.749537023127,112.79291044776,254.4473880597,2020-10-17T17:35:55.8195326,2020-10-17T17:35:55.8195326
"Ellipse",2136,68.749537023127,102.55854490337,139.60970064418,2020-10-17T17:35:55.8195326,2020-10-17T17:35:55.8195326
"Ellipse",2137,68.749537023127,112.54365671642,255.62873134328,2020-10-17T17:35:56.3079723,2020-10-17T17:35:56.3079723
"Ellipse",2137,68.749537023127,102.68965517241,139.62523683213,2020-10-17T17:35:56.3079723,2020-10-17T17:35:56.3079723
"Ellipse",2138,68.749537023127,112.3828358209,254.29291044776,2020-10-17T17:35:56.8064214,2020-10-17T17:35:56.8064214
"Ellipse",2138,68.749537023127,102.49526335733,139.59151193634,2020-10-17T17:35:56.8064214,2020-10-17T17:35:56.8064214
"Ellipse",2139,68.749537023127,112.5197761194,253.48171641791,2020-10-17T17:35:57.3088741,2020-10-17T17:35:57.3088741
"Ellipse",2139,68.749537023127,102.50966275104,139.47896930656,2020-10-17T17:35:57.3088741,2020-10-17T17:35:57.3088741
"Ellipse",2140,68.749537023127,112.43805970149,251.13358208955,2020-10-17T17:35:57.8073232,2020-10-17T17:35:57.8073232
"Ellipse",2140,68.749537023127,102.55210306934,138.86131110269,2020-10-17T17:35:57.8073232,2020-10-17T17:35:57.8073232
"Ellipse",2141,68.749537023127,112.36902985075,251.42313432836,2020-10-17T17:35:58.3237888,2020-10-17T17:35:58.3237888
"Ellipse",2141,68.749537023127,102.48503220917,138.93368700265,2020-10-17T17:35:58.3237888,2020-10-17T17:35:58.3237888
"Ellipse",2142,68.749537023127,112.57126865672,256.77574626866,2020-10-17T17:35:58.8082249,2020-10-17T17:35:58.8082249
"Ellipse",2142,68.749537023127,102.58128078818,139.75634710118,2020-10-17T17:35:58.8082249,2020-10-17T17:35:58.8082249
"Ellipse",2143,68.749537023127,112.47649253731,255.22649253731,2020-10-17T17:35:59.3216875,2020-10-17T17:35:59.3216875
"Ellipse",2143,68.749537023127,102.32284956423,139.81962864722,2020-10-17T17:35:59.3216875,2020-10-17T17:35:59.3216875
"Ellipse",2144,68.749537023127,112.92201492537,255.00970149254,2020-10-17T17:35:59.8081261,2020-10-17T17:35:59.8081261
"Ellipse",2144,68.749537023127,102.48692686624,139.74043198181,2020-10-17T17:35:59.8081261,2020-10-17T17:35:59.8081261
"Ellipse",2145,68.749537023127,112.5776119403,254.39179104478,2020-10-17T17:36:00.3105785,2020-10-17T17:36:00.3105785
"Ellipse",2145,68.749537023127,102.49753694581,139.56688139447,2020-10-17T17:36:00.3105785,2020-10-17T17:36:00.3105785
"Ellipse",2146,68.749537023127,112.57201492537,255.00597014925,2020-10-17T17:36:00.8070258,2020-10-17T17:36:00.8070258
"Ellipse",2146,68.749537023127,102.50435771125,139.68813944676,2020-10-17T17:36:00.8070258,2020-10-17T17:36:00.8070258
"Ellipse",2147,68.749537023127,112.56604477612,252.1078358209,2020-10-17T17:36:01.3084776,2020-10-17T17:36:01.3084776
"Ellipse",2147,68.749537023127,102.52860932171,140.04092459265,2020-10-17T17:36:01.3084776,2020-10-17T17:36:01.3084776
"Ellipse",2148,68.749537023127,112.32798507463,251.78731343284,2020-10-17T17:36:01.8069266,2020-10-17T17:36:01.8069266
"Ellipse",2148,68.749537023127,102.37552103069,139.44676013642,2020-10-17T17:36:01.8069266,2020-10-17T17:36:01.8069266
"Ellipse",2149,68.749537023127,112.47201492537,251.68246268657,2020-10-17T17:36:02.3113811,2020-10-17T17:36:02.3113811
"Ellipse",2149,68.749537023127,102.4801061008,139.30314513073,2020-10-17T17:36:02.3113811,2020-10-17T17:36:02.3113811
"Ellipse",2150,68.749537023127,112.73805970149,253.36305970149,2020-10-17T17:36:02.8078345,2020-10-17T17:36:02.8078345
"Ellipse",2150,68.749537023127,102.57483895415,139.7374005305,2020-10-17T17:36:02.8078345,2020-10-17T17:36:02.8078345
"Ellipse",2151,68.749537023127,112.39664179105,252.82723880597,2020-10-17T17:36:03.3082793,2020-10-17T17:36:03.3082793
"Ellipse",2151,68.749537023127,102.54907161804,139.70973853733,2020-10-17T17:36:03.3082793,2020-10-17T17:36:03.3082793
"Ellipse",2152,68.749537023127,112.44552238806,252.74365671642,2020-10-17T17:36:03.8077293,2020-10-17T17:36:03.8077293
"Ellipse",2152,68.749537023127,102.46343311861,140.25312618416,2020-10-17T17:36:03.8077293,2020-10-17T17:36:03.8077293
"Ellipse",2153,68.749537023127,112.74888059702,254.08470149254,2020-10-17T17:36:04.3081805,2020-10-17T17:36:04.3081805
"Ellipse",2153,68.749537023127,102.57749147404,140.11102690413,2020-10-17T17:36:04.3081805,2020-10-17T17:36:04.3081805
"Ellipse",2154,68.749537023127,112.46529850746,252.61156716418,2020-10-17T17:36:04.8076302,2020-10-17T17:36:04.8076302
"Ellipse",2154,68.749537023127,102.51762031072,139.41341417204,2020-10-17T17:36:04.8076302,2020-10-17T17:36:04.8076302
"Ellipse",2155,68.749537023127,112.72164179105,252.52164179105,2020-10-17T17:36:05.3080811,2020-10-17T17:36:05.3080811
"Ellipse",2155,68.749537023127,102.44751799924,139.75407351269,2020-10-17T17:36:05.3080811,2020-10-17T17:36:05.3080811
"Ellipse",2156,68.749537023127,112.63470149254,252.01082089552,2020-10-17T17:36:05.8105337,2020-10-17T17:36:05.8105337
"Ellipse",2156,68.749537023127,102.50056839712,139.73399014778,2020-10-17T17:36:05.8105337,2020-10-17T17:36:05.8105337
"Ellipse",2157,68.749537023127,112.44365671642,250.74850746269,2020-10-17T17:36:06.3079819,2020-10-17T17:36:06.3079819
"Ellipse",2157,68.749537023127,102.44789693066,139.63092080334,2020-10-17T17:36:06.3079819,2020-10-17T17:36:06.3079819
"Ellipse",2158,68.749537023127,112.39664179105,249.35634328358,2020-10-17T17:36:06.8074319,2020-10-17T17:36:06.8074319
"Ellipse",2158,68.749537023127,102.43463433119,139.57597574839,2020-10-17T17:36:06.8074319,2020-10-17T17:36:06.8074319
"Ellipse",2159,68.749537023127,112.09179104478,246.54067164179,2020-10-17T17:36:07.3068819,2020-10-17T17:36:07.3068819
"Ellipse",2159,68.749537023127,102.26108374384,138.76582038651,2020-10-17T17:36:07.3068819,2020-10-17T17:36:07.3068819
"Ellipse",2160,68.749537023127,112.11940298508,247.61641791045,2020-10-17T17:36:07.8073328,2020-10-17T17:36:07.8073328
"Ellipse",2160,68.749537023127,102.46798029557,139.13300492611,2020-10-17T17:36:07.8073328,2020-10-17T17:36:07.8073328
"Ellipse",2161,68.749537023127,112.08731343284,243.81641791045,2020-10-17T17:36:08.3077837,2020-10-17T17:36:08.3077837
"Ellipse",2161,68.749537023127,102.61879499811,138.70291777188,2020-10-17T17:36:08.3077837,2020-10-17T17:36:08.3077837
"Ellipse",2162,68.749537023127,112.07126865672,242.24029850746,2020-10-17T17:36:08.8222472,2020-10-17T17:36:08.8222472
"Ellipse",2162,68.749537023127,102.50587343691,138.87078438803,2020-10-17T17:36:08.8222472,2020-10-17T17:36:08.8222472
"Ellipse",2163,68.749537023127,112.01192250373,246.96572280179,2020-10-17T17:36:09.3076845,2020-10-17T17:36:09.3076845
"Ellipse",2163,68.749537023127,102.35695339144,139.0113679424,2020-10-17T17:36:09.3076845,2020-10-17T17:36:09.3076845
"Ellipse",2164,68.749537023127,112.30253353204,246.25,2020-10-17T17:36:09.8071345,2020-10-17T17:36:09.8071345
"Ellipse",2164,68.749537023127,102.55475558924,138.83251231527,2020-10-17T17:36:09.8071345,2020-10-17T17:36:09.8071345
"Ellipse",2165,68.749537023127,112.20976154993,246.50223546945,2020-10-17T17:36:10.3075854,2020-10-17T17:36:10.3075854
"Ellipse",2165,68.749537023127,102.57976506252,139.00113679424,2020-10-17T17:36:10.3075854,2020-10-17T17:36:10.3075854
"Ellipse",2166,68.749537023127,112.12667660209,246.79806259315,2020-10-17T17:36:10.8080363,2020-10-17T17:36:10.8080363
"Ellipse",2166,68.749537023127,102.39105721864,138.65593027662,2020-10-17T17:36:10.8080363,2020-10-17T17:36:10.8080363
"Ellipse",2167,68.749537023127,112.10208643815,245.84277198212,2020-10-17T17:36:11.3074863,2020-10-17T17:36:11.3074863
"Ellipse",2167,68.749537023127,102.50587343691,138.66881394468,2020-10-17T17:36:11.3074863,2020-10-17T17:36:11.3074863
"Ellipse",2168,68.749537023127,112.28092399404,246.63114754098,2020-10-17T17:36:11.8059354,2020-10-17T17:36:11.8059354
"Ellipse",2168,68.749537023127,102.45661235316,138.83516483517,2020-10-17T17:36:11.8059354,2020-10-17T17:36:11.8059354
"Ellipse",2169,68.749537023127,112.33792846498,246.45044709389,2020-10-17T17:36:12.3073872,2020-10-17T17:36:12.3073872
"Ellipse",2169,68.749537023127,102.38916256158,138.47025388405,2020-10-17T17:36:12.3073872,2020-10-17T17:36:12.3073872
"Ellipse",2170,68.749537023127,112.22205663189,246.0827123696,2020-10-17T17:36:12.8248534,2020-10-17T17:36:12.8248534
"Ellipse",2170,68.749537023127,102.34028040925,138.3982569155,2020-10-17T17:36:12.8248534,2020-10-17T17:36:12.8248534
"Ellipse",2171,68.749537023127,112.11661698957,245.69560357675,2020-10-17T17:36:13.3092898,2020-10-17T17:36:13.3092898
"Ellipse",2171,68.749537023127,102.41151951497,138.98976885184,2020-10-17T17:36:13.3092898,2020-10-17T17:36:13.3092898
"Ellipse",2172,68.749537023127,112.18554396423,246.86140089419,2020-10-17T17:36:13.8087398,2020-10-17T17:36:13.8087398
"Ellipse",2172,68.749537023127,102.45585449034,138.446381205,2020-10-17T17:36:13.8087398,2020-10-17T17:36:13.8087398
"Ellipse",2173,68.749537023127,112.28502235469,246.92324888227,2020-10-17T17:36:14.3071889,2020-10-17T17:36:14.3071889
"Ellipse",2173,68.749537023127,102.50435771125,139.02841985601,2020-10-17T17:36:14.3071889,2020-10-17T17:36:14.3071889
"Ellipse",2174,68.749537023127,112.25521609538,247.09165424739,2020-10-17T17:36:14.8226533,2020-10-17T17:36:14.8226533
"Ellipse",2174,68.749537023127,102.48654793482,138.90640394089,2020-10-17T17:36:14.8226533,2020-10-17T17:36:14.8226533
"Ellipse",2175,68.749537023127,112.50745156483,247.61661698957,2020-10-17T17:36:15.3201015,2020-10-17T17:36:15.3201015
"Ellipse",2175,68.749537023127,102.46760136415,138.6695718075,2020-10-17T17:36:15.3201015,2020-10-17T17:36:15.3201015
"Ellipse",2176,68.749537023127,112.2302533532,248.82898658718,2020-10-17T17:36:15.8085406,2020-10-17T17:36:15.8085406
"Ellipse",2176,68.749537023127,102.5395983327,138.74422129595,2020-10-17T17:36:15.8085406,2020-10-17T17:36:15.8085406
"Ellipse",2177,68.749537023127,112.22615499255,248.15573770492,2020-10-17T17:36:16.3069906,2020-10-17T17:36:16.3069906
"Ellipse",2177,68.749537023127,102.47555892384,138.62523683213,2020-10-17T17:36:16.3069906,2020-10-17T17:36:16.3069906
"Ellipse",2178,68.749537023127,112.19299552906,248.97988077496,2020-10-17T17:36:16.8094437,2020-10-17T17:36:16.8094437
"Ellipse",2178,68.749537023127,102.56763925729,138.76127320955,2020-10-17T17:36:16.8094437,2020-10-17T17:36:16.8094437
"Ellipse",2179,68.749537023127,112.09053651267,248.27421758569,2020-10-17T17:36:17.3108951,2020-10-17T17:36:17.3108951
"Ellipse",2179,68.749537023127,102.57938613111,138.6752557787,2020-10-17T17:36:17.3108951,2020-10-17T17:36:17.3108951
"Ellipse",2180,68.749537023127,112.19038748137,250.25707898659,2020-10-17T17:36:17.8223559,2020-10-17T17:36:17.8223559
"Ellipse",2180,68.749537023127,102.5509662751,138.83137552103,2020-10-17T17:36:17.8223559,2020-10-17T17:36:17.8223559
"Ellipse",2181,68.749537023127,112.18144560358,248.94932935917,2020-10-17T17:36:18.3158008,2020-10-17T17:36:18.3158008
"Ellipse",2181,68.749537023127,102.4888215233,138.8135657446,2020-10-17T17:36:18.3158008,2020-10-17T17:36:18.3158008
"Ellipse",2182,68.749537023127,112.35171385991,249.65052160954,2020-10-17T17:36:18.8102450,2020-10-17T17:36:18.8102450
"Ellipse",2182,68.749537023127,102.53505115574,139.00947328534,2020-10-17T17:36:18.8102450,2020-10-17T17:36:18.8102450
"Ellipse",2183,68.749537023127,112.01117734724,249.20305514158,2020-10-17T17:36:19.3217068,2020-10-17T17:36:19.3217068
"Ellipse",2183,68.749537023127,102.5085259568,138.63319439182,2020-10-17T17:36:19.3217068,2020-10-17T17:36:19.3217068
"Ellipse",2184,68.749537023127,112.08830104322,248.80402384501,2020-10-17T17:36:19.8081451,2020-10-17T17:36:19.8081451
"Ellipse",2184,68.749537023127,102.53429329291,138.64721485411,2020-10-17T17:36:19.8081451,2020-10-17T17:36:19.8081451
"Ellipse",2185,68.749537023127,112.22913561848,248.99329359165,2020-10-17T17:36:20.3075950,2020-10-17T17:36:20.3075950
"Ellipse",2185,68.749537023127,102.4293292914,138.99052671467,2020-10-17T17:36:20.3075950,2020-10-17T17:36:20.3075950
"Ellipse",2186,68.749537023127,112.06408345753,249.37257824143,2020-10-17T17:36:20.8160531,2020-10-17T17:36:20.8160531
"Ellipse",2186,68.749537023127,102.40318302387,138.34710117469,2020-10-17T17:36:20.8160531,2020-10-17T17:36:20.8160531
"Ellipse",2187,68.749537023127,112.40387481371,249.2563338301,2020-10-17T17:36:21.3195067,2020-10-17T17:36:21.3195067
"Ellipse",2187,68.749537023127,102.50776809398,138.40431981811,2020-10-17T17:36:21.3195067,2020-10-17T17:36:21.3195067
"Ellipse",2188,68.749537023127,112.11922503726,249.29321907601,2020-10-17T17:36:21.8089477,2020-10-17T17:36:21.8089477
"Ellipse",2188,68.749537023127,102.485790072,138.51231527094,2020-10-17T17:36:21.8089477,2020-10-17T17:36:21.8089477
"Ellipse",2189,68.749537023127,112.46125186289,248.89940387481,2020-10-17T17:36:22.3073968,2020-10-17T17:36:22.3073968
"Ellipse",2189,68.749537023127,102.32095490716,138.16900341038,2020-10-17T17:36:22.3073968,2020-10-17T17:36:22.3073968
"Ellipse",2190,68.749537023127,112.19634873323,249.10469448584,2020-10-17T17:36:22.8088489,2020-10-17T17:36:22.8088489
"Ellipse",2190,68.749537023127,102.47328533535,138.53921940129,2020-10-17T17:36:22.8088489,2020-10-17T17:36:22.8088489
"Ellipse",2191,68.749537023127,112.14828614009,248.90126676602,2020-10-17T17:36:23.3072977,2020-10-17T17:36:23.3072977
"Ellipse",2191,68.749537023127,102.39181508147,137.95983327018,2020-10-17T17:36:23.3072977,2020-10-17T17:36:23.3072977
"Ellipse",2192,68.749537023127,112.11140089419,249.44374068554,2020-10-17T17:36:23.8227621,2020-10-17T17:36:23.8227621
"Ellipse",2192,68.749537023127,102.43008715423,138.41417203486,2020-10-17T17:36:23.8227621,2020-10-17T17:36:23.8227621
"Ellipse",2193,68.749537023127,112.16058122206,249.0737704918,2020-10-17T17:36:24.3071985,2020-10-17T17:36:24.3071985
"Ellipse",2193,68.749537023127,102.4490337249,138.2993558166,2020-10-17T17:36:24.3071985,2020-10-17T17:36:24.3071985
"Ellipse",2194,68.749537023127,112.18070044709,249.12183308495,2020-10-17T17:36:24.8106521,2020-10-17T17:36:24.8106521
"Ellipse",2194,68.749537023127,102.48351648352,138.34785903751,2020-10-17T17:36:24.8106521,2020-10-17T17:36:24.8106521
"Ellipse",2195,68.749537023127,112.05998509687,248.79545454546,2020-10-17T17:36:25.3070994,2020-10-17T17:36:25.3070994
"Ellipse",2195,68.749537023127,102.40015157257,138.46191739295,2020-10-17T17:36:25.3070994,2020-10-17T17:36:25.3070994
"Ellipse",2196,68.749537023127,112.11214605067,249.06594634873,2020-10-17T17:36:25.8075503,2020-10-17T17:36:25.8075503
"Ellipse",2196,68.749537023127,102.47707464949,138.3474801061,2020-10-17T17:36:25.8075503,2020-10-17T17:36:25.8075503
"Ellipse",2197,68.749537023127,111.99776453055,248.72615499255,2020-10-17T17:36:26.3070003,2020-10-17T17:36:26.3070003
"Ellipse",2197,68.749537023127,102.44751799924,138.38044713907,2020-10-17T17:36:26.3070003,2020-10-17T17:36:26.3070003
"Ellipse",2198,68.749537023127,112.2086438152,248.8804023845,2020-10-17T17:36:26.8074512,2020-10-17T17:36:26.8074512
"Ellipse",2198,68.749537023127,102.51042061387,138.39067828723,2020-10-17T17:36:26.8074512,2020-10-17T17:36:26.8074512
"Ellipse",2199,68.749537023127,112.10692995529,248.29210134128,2020-10-17T17:36:27.3079020,2020-10-17T17:36:27.3079020
"Ellipse",2199,68.749537023127,102.37476316787,138.00037893141,2020-10-17T17:36:27.3079020,2020-10-17T17:36:27.3079020
"Ellipse",2200,68.749537023127,112.02459016393,246.65052160954,2020-10-17T17:36:27.8073520,2020-10-17T17:36:27.8073520
"Ellipse",2200,68.749537023127,102.43387646836,137.9632436529,2020-10-17T17:36:27.8073520,2020-10-17T17:36:27.8073520
"Ellipse",2201,68.749537023127,111.89307004471,247.19597615499,2020-10-17T17:36:28.3078029,2020-10-17T17:36:28.3078029
"Ellipse",2201,68.749537023127,102.3671845396,138.24744221296,2020-10-17T17:36:28.3078029,2020-10-17T17:36:28.3078029
"Ellipse",2202,68.749537023127,112.03464977645,247.010804769,2020-10-17T17:36:28.8162610,2020-10-17T17:36:28.8162610
"Ellipse",2202,68.749537023127,102.46760136415,138.44751799924,2020-10-17T17:36:28.8162610,2020-10-17T17:36:28.8162610
"Ellipse",2203,68.749537023127,111.86736214605,249.23397913562,2020-10-17T17:36:29.3137092,2020-10-17T17:36:29.3137092
"Ellipse",2203,68.749537023127,102.36339522546,138.21826449413,2020-10-17T17:36:29.3137092,2020-10-17T17:36:29.3137092
"Ellipse",2204,68.749537023127,112.13002980626,248.9631147541,2020-10-17T17:36:29.8091559,2020-10-17T17:36:29.8091559
"Ellipse",2204,68.749537023127,102.29026146268,138.35202728306,2020-10-17T17:36:29.8091559,2020-10-17T17:36:29.8091559
"Ellipse",2205,68.749537023127,111.73807749627,248.45603576751,2020-10-17T17:36:30.3066038,2020-10-17T17:36:30.3066038
"Ellipse",2205,68.749537023127,102.37817355059,138.14626752558,2020-10-17T17:36:30.3066038,2020-10-17T17:36:30.3066038
"Ellipse",2206,68.749537023127,112.17771982116,248.30886736215,2020-10-17T17:36:30.8070546,2020-10-17T17:36:30.8070546
"Ellipse",2206,68.749537023127,102.46722243274,138.46115953013,2020-10-17T17:36:30.8070546,2020-10-17T17:36:30.8070546
"Ellipse",2207,68.749537023127,111.78837555887,247.97503725782,2020-10-17T17:36:31.3225191,2020-10-17T17:36:31.3225191
"Ellipse",2207,68.749537023127,102.62864721485,138.78855627132,2020-10-17T17:36:31.3225191,2020-10-17T17:36:31.3225191
"Ellipse",2208,68.749537023127,111.53129657228,247.90834575261,2020-10-17T17:36:31.8069546,2020-10-17T17:36:31.8069546
"Ellipse",2208,68.749537023127,102.47404319818,138.59264873058,2020-10-17T17:36:31.8069546,2020-10-17T17:36:31.8069546
"Ellipse",2209,68.749537023127,111.99776453055,248.22093889717,2020-10-17T17:36:32.3194175,2020-10-17T17:36:32.3194175
"Ellipse",2209,68.749537023127,102.21258052293,138.42591890868,2020-10-17T17:36:32.3194175,2020-10-17T17:36:32.3194175
"Ellipse",2210,68.749537023127,112.06445603577,248.04694485842,2020-10-17T17:36:32.8078573,2020-10-17T17:36:32.8078573
"Ellipse",2210,68.749537023127,102.47214854111,138.53694581281,2020-10-17T17:36:32.8078573,2020-10-17T17:36:32.8078573
"Ellipse",2211,68.749537023127,112.13226527571,247.75856929955,2020-10-17T17:36:33.3143136,2020-10-17T17:36:33.3143136
"Ellipse",2211,68.749537023127,102.22243273967,138.65138309966,2020-10-17T17:36:33.3143136,2020-10-17T17:36:33.3143136
"Ellipse",2212,68.749537023127,112.03874813711,248.15573770492,2020-10-17T17:36:33.8097600,2020-10-17T17:36:33.8097600
"Ellipse",2212,68.749537023127,102.23758999621,138.66161424782,2020-10-17T17:36:33.8097600,2020-10-17T17:36:33.8097600
"Ellipse",2213,68.749537023127,111.97280178838,246.64157973174,2020-10-17T17:36:34.3072081,2020-10-17T17:36:34.3072081
"Ellipse",2213,68.749537023127,102.43880257673,138.29139825692,2020-10-17T17:36:34.3072081,2020-10-17T17:36:34.3072081
"Ellipse",2214,68.749537023127,112.03651266766,246.72205663189,2020-10-17T17:36:34.8206708,2020-10-17T17:36:34.8206708
"Ellipse",2214,68.749537023127,102.46570670709,138.11708980675,2020-10-17T17:36:34.8206708,2020-10-17T17:36:34.8206708
"Ellipse",2215,68.749537023127,112.10469448584,246.42138599106,2020-10-17T17:36:35.3081099,2020-10-17T17:36:35.3081099
"Ellipse",2215,68.749537023127,102.34331186055,138.09473285335,2020-10-17T17:36:35.3081099,2020-10-17T17:36:35.3081099
"Ellipse",2216,68.749537023127,111.87779433681,246.74478390462,2020-10-17T17:36:35.8085598,2020-10-17T17:36:35.8085598
"Ellipse",2216,68.749537023127,102.39674118985,138.20765441455,2020-10-17T17:36:35.8085598,2020-10-17T17:36:35.8085598
"Ellipse",2217,68.749537023127,111.75484351714,247.42734724292,2020-10-17T17:36:36.3080108,2020-10-17T17:36:36.3080108
"Ellipse",2217,68.749537023127,102.45168624479,138.33535430087,2020-10-17T17:36:36.3080108,2020-10-17T17:36:36.3080108
"Ellipse",2218,68.749537023127,112.08308494784,246.96385991058,2020-10-17T17:36:36.8074608,2020-10-17T17:36:36.8074608
"Ellipse",2218,68.749537023127,102.36794240243,138.48086396362,2020-10-17T17:36:36.8074608,2020-10-17T17:36:36.8074608
"Ellipse",2219,68.749537023127,112.04694485842,247.467585693,2020-10-17T17:36:37.3079117,2020-10-17T17:36:37.3079117
"Ellipse",2219,68.749537023127,102.38309965896,138.59719590754,2020-10-17T17:36:37.3079117,2020-10-17T17:36:37.3079117
"Ellipse",2220,68.749537023127,111.81557377049,247.56222056632,2020-10-17T17:36:37.8123655,2020-10-17T17:36:37.8123655
"Ellipse",2220,68.749537023127,102.39143615006,138.32436528988,2020-10-17T17:36:37.8123655,2020-10-17T17:36:37.8123655
"Ellipse",2221,68.749537023127,112.22056631893,246.82414307005,2020-10-17T17:36:38.3088134,2020-10-17T17:36:38.3088134
"Ellipse",2221,68.749537023127,102.38044713907,138.32512315271,2020-10-17T17:36:38.3088134,2020-10-17T17:36:38.3088134
"Ellipse",2222,68.749537023127,112.07786885246,246.64307004471,2020-10-17T17:36:38.8072625,2020-10-17T17:36:38.8072625
"Ellipse",2222,68.749537023127,102.43539219401,138.13944676014,2020-10-17T17:36:38.8072625,2020-10-17T17:36:38.8072625
"Ellipse",2223,68.749537023127,112.21125186289,246.71423248882,2020-10-17T17:36:39.3227269,2020-10-17T17:36:39.3227269
"Ellipse",2223,68.749537023127,102.33421750663,138.67904509284,2020-10-17T17:36:39.3227269,2020-10-17T17:36:39.3227269
"Ellipse",2224,68.749537023127,111.95044709389,247.53986587183,2020-10-17T17:36:39.8061625,2020-10-17T17:36:39.8061625
"Ellipse",2224,68.749537023127,102.43160287988,138.25047366427,2020-10-17T17:36:39.8061625,2020-10-17T17:36:39.8061625
"Ellipse",2225,68.749537023127,112.12853949329,247.24962742176,2020-10-17T17:36:40.3086152,2020-10-17T17:36:40.3086152
"Ellipse",2225,68.749537023127,102.39029935582,138.30428192497,2020-10-17T17:36:40.3086152,2020-10-17T17:36:40.3086152
"Ellipse",2226,68.749537023127,112.02906110283,247.30886736215,2020-10-17T17:36:40.8090664,2020-10-17T17:36:40.8090664
"Ellipse",2226,68.749537023127,102.36491095112,137.73853732474,2020-10-17T17:36:40.8090664,2020-10-17T17:36:40.8090664
"Ellipse",2227,68.749537023127,112.15760059613,246.25521609538,2020-10-17T17:36:41.3095170,2020-10-17T17:36:41.3095170
"Ellipse",2227,68.749537023127,102.36263736264,138.15346722243,2020-10-17T17:36:41.3095170,2020-10-17T17:36:41.3095170
"Ellipse",2228,68.749537023127,111.90797317437,246.96870342772,2020-10-17T17:36:41.8069651,2020-10-17T17:36:41.8069651
"Ellipse",2228,68.749537023127,102.41341417204,138.12656309208,2020-10-17T17:36:41.8069651,2020-10-17T17:36:41.8069651
"Ellipse",2229,68.749537023127,111.79061102832,246.76751117735,2020-10-17T17:36:42.3104187,2020-10-17T17:36:42.3104187
"Ellipse",2229,68.749537023127,102.46381205002,138.42743463433,2020-10-17T17:36:42.3104187,2020-10-17T17:36:42.3104187
"Ellipse",2230,68.749537023127,112.11698956781,246.32786885246,2020-10-17T17:36:42.8078669,2020-10-17T17:36:42.8078669
"Ellipse",2230,68.749537023127,102.47290640394,138.08904888215,2020-10-17T17:36:42.8078669,2020-10-17T17:36:42.8078669
"Ellipse",2231,68.749537023127,111.90275707899,248.14456035768,2020-10-17T17:36:43.3103199,2020-10-17T17:36:43.3103199
"Ellipse",2231,68.749537023127,102.49374763168,138.13527851459,2020-10-17T17:36:43.3103199,2020-10-17T17:36:43.3103199
"Ellipse",2232,68.749537023127,112.53837555887,251.87146050671,2020-10-17T17:36:43.8067669,2020-10-17T17:36:43.8067669
"Ellipse",2232,68.749537023127,102.38196286472,139.69723380068,2020-10-17T17:36:43.8067669,2020-10-17T17:36:43.8067669
"Ellipse",2233,68.749537023127,112.32935916543,251.42213114754,2020-10-17T17:36:44.3062169,2020-10-17T17:36:44.3062169
"Ellipse",2233,68.749537023127,102.49640015157,139.05191360364,2020-10-17T17:36:44.3062169,2020-10-17T17:36:44.3062169
"Ellipse",2234,68.749537023127,112.32898658718,251.29545454546,2020-10-17T17:36:44.8066678,2020-10-17T17:36:44.8066678
"Ellipse",2234,68.749537023127,102.49412656309,139.13755210307,2020-10-17T17:36:44.8066678,2020-10-17T17:36:44.8066678
"Ellipse",2235,68.749537023127,112.20081967213,251.90611028316,2020-10-17T17:36:45.3071186,2020-10-17T17:36:45.3071186
"Ellipse",2235,68.749537023127,102.41644562334,139.46115953013,2020-10-17T17:36:45.3071186,2020-10-17T17:36:45.3071186
"Ellipse",2236,68.749537023127,112.18032786885,251.60245901639,2020-10-17T17:36:45.8065686,2020-10-17T17:36:45.8065686
"Ellipse",2236,68.749537023127,102.4236453202,139.31564986737,2020-10-17T17:36:45.8065686,2020-10-17T17:36:45.8065686
"Ellipse",2237,68.749537023127,112.41169895678,250.48360655738,2020-10-17T17:36:46.3190303,2020-10-17T17:36:46.3190303
"Ellipse",2237,68.749537023127,102.38575217886,139.45282303903,2020-10-17T17:36:46.3190303,2020-10-17T17:36:46.3190303
"Ellipse",2238,68.749537023127,112.30253353204,251.76266766021,2020-10-17T17:36:46.8064695,2020-10-17T17:36:46.8064695
"Ellipse",2238,68.749537023127,102.55740810913,139.38764683592,2020-10-17T17:36:46.8064695,2020-10-17T17:36:46.8064695
"Ellipse",2239,68.749537023127,112.15722801788,252.08830104322,2020-10-17T17:36:47.3059195,2020-10-17T17:36:47.3059195
"Ellipse",2239,68.749537023127,102.36491095112,139.31413414172,2020-10-17T17:36:47.3059195,2020-10-17T17:36:47.3059195
"Ellipse",2240,68.749537023127,112.13412816692,251.8587928465,2020-10-17T17:36:47.8073716,2020-10-17T17:36:47.8073716
"Ellipse",2240,68.749537023127,102.56119742327,139.42478211444,2020-10-17T17:36:47.8073716,2020-10-17T17:36:47.8073716
"Ellipse",2241,68.749537023127,112.14008941878,251.29806259315,2020-10-17T17:36:48.3108249,2020-10-17T17:36:48.3108249
"Ellipse",2241,68.749537023127,102.43577112543,139.22773777946,2020-10-17T17:36:48.3108249,2020-10-17T17:36:48.3108249
"Ellipse",2242,68.749537023127,112.10842026826,252.07116244411,2020-10-17T17:36:48.8072721,2020-10-17T17:36:48.8072721
"Ellipse",2242,68.749537023127,102.66805608185,138.99469496021,2020-10-17T17:36:48.8072721,2020-10-17T17:36:48.8072721
"Ellipse",2243,68.749537023127,112.06631892698,251.56333830104,2020-10-17T17:36:49.3157302,2020-10-17T17:36:49.3157302
"Ellipse",2243,68.749537023127,102.43804471391,139.04698749526,2020-10-17T17:36:49.3157302,2020-10-17T17:36:49.3157302
"Ellipse",2244,68.749537023127,111.91579731744,252.02011922504,2020-10-17T17:36:49.8101757,2020-10-17T17:36:49.8101757
"Ellipse",2244,68.749537023127,102.39105721864,138.88897309587,2020-10-17T17:36:49.8101757,2020-10-17T17:36:49.8101757
"Ellipse",2245,68.749537023127,112.00707898659,251.67734724292,2020-10-17T17:36:50.3076239,2020-10-17T17:36:50.3076239
"Ellipse",2245,68.749537023127,102.35354300872,138.91966654036,2020-10-17T17:36:50.3076239,2020-10-17T17:36:50.3076239
"Ellipse",2246,68.749537023127,112.0152757079,250.9631147541,2020-10-17T17:36:50.8070742,2020-10-17T17:36:50.8070742
"Ellipse",2246,68.749537023127,102.35278514589,139.33800682077,2020-10-17T17:36:50.8070742,2020-10-17T17:36:50.8070742
"Ellipse",2247,68.749537023127,112.0998509687,250.74962742176,2020-10-17T17:36:51.3075248,2020-10-17T17:36:51.3075248
"Ellipse",2247,68.749537023127,102.52330428193,138.79424024252,2020-10-17T17:36:51.3075248,2020-10-17T17:36:51.3075248
"Ellipse",2248,68.749537023127,111.92771982116,251.59873323398,2020-10-17T17:36:51.8109784,2020-10-17T17:36:51.8109784
"Ellipse",2248,68.749537023127,102.54376657825,138.9772641152,2020-10-17T17:36:51.8109784,2020-10-17T17:36:51.8109784
"Ellipse",2249,68.749537023127,112.13263785395,250.68219076006,2020-10-17T17:36:52.3074257,2020-10-17T17:36:52.3074257
"Ellipse",2249,68.749537023127,102.58961727927,138.75862068966,2020-10-17T17:36:52.3074257,2020-10-17T17:36:52.3074257
"Ellipse",2250,68.749537023127,112.15275707899,251.15461997019,2020-10-17T17:36:52.8108792,2020-10-17T17:36:52.8108792
"Ellipse",2250,68.749537023127,102.43577112543,139.14929897689,2020-10-17T17:36:52.8108792,2020-10-17T17:36:52.8108792
"Ellipse",2251,68.749537023127,111.77272727273,250.20529061103,2020-10-17T17:36:53.3073265,2020-10-17T17:36:53.3073265
"Ellipse",2251,68.749537023127,102.75445244411,138.85449033725,2020-10-17T17:36:53.3073265,2020-10-17T17:36:53.3073265
"Ellipse",2252,68.749537023127,111.88301043219,250.70789865872,2020-10-17T17:36:53.8247927,2020-10-17T17:36:53.8247927
"Ellipse",2252,68.749537023127,102.47025388405,138.85714285714,2020-10-17T17:36:53.8247927,2020-10-17T17:36:53.8247927
"Ellipse",2253,68.749537023127,111.95603576751,249.93517138599,2020-10-17T17:36:54.3072274,2020-10-17T17:36:54.3072274
"Ellipse",2253,68.749537023127,102.43956043956,139.07123910572,2020-10-17T17:36:54.3072274,2020-10-17T17:36:54.3072274
"Ellipse",2254,68.749537023127,111.99664679583,249.67548435171,2020-10-17T17:36:54.8186882,2020-10-17T17:36:54.8186882
"Ellipse",2254,68.749537023127,102.36187949981,139.05456612353,2020-10-17T17:36:54.8186882,2020-10-17T17:36:54.8186882
"Ellipse",2255,68.749537023127,111.75894187779,249.7976900149,2020-10-17T17:36:55.3071283,2020-10-17T17:36:55.3071283
"Ellipse",2255,68.749537023127,102.42250852596,138.86244789693,2020-10-17T17:36:55.3071283,2020-10-17T17:36:55.3071283
"Ellipse",2256,68.749537023127,112.31818181818,249.36885245902,2020-10-17T17:36:55.8085801,2020-10-17T17:36:55.8085801
"Ellipse",2256,68.749537023127,102.42516104585,139.04357711254,2020-10-17T17:36:55.8085801,2020-10-17T17:36:55.8085801
"Ellipse",2257,68.749537023127,111.59500745157,249.44411326379,2020-10-17T17:36:56.3070291,2020-10-17T17:36:56.3070291
"Ellipse",2257,68.749537023127,102.65214096249,138.60325881016,2020-10-17T17:36:56.3070291,2020-10-17T17:36:56.3070291
"Ellipse",2258,68.749537023127,111.98062593145,249.44113263785,2020-10-17T17:36:56.8174890,2020-10-17T17:36:56.8174890
"Ellipse",2258,68.749537023127,102.47101174687,139.1102690413,2020-10-17T17:36:56.8174890,2020-10-17T17:36:56.8174890
"Ellipse",2259,68.749537023127,111.62295081967,248.85543964233,2020-10-17T17:36:57.3069300,2020-10-17T17:36:57.3069300
"Ellipse",2259,68.749537023127,102.4888215233,138.60780598712,2020-10-17T17:36:57.3069300,2020-10-17T17:36:57.3069300
"Ellipse",2260,68.749537023127,111.55327868853,248.83047690015,2020-10-17T17:36:57.8123854,2020-10-17T17:36:57.8123854
"Ellipse",2260,68.749537023127,102.33383857522,138.95718075028,2020-10-17T17:36:57.8123854,2020-10-17T17:36:57.8123854
"Ellipse",2261,68.749537023127,111.61177347243,247.82302533532,2020-10-17T17:36:58.3088327,2020-10-17T17:36:58.3088327
"Ellipse",2261,68.749537023127,102.3645320197,138.72110647973,2020-10-17T17:36:58.3088327,2020-10-17T17:36:58.3088327
"Ellipse",2262,68.749537023127,111.5368852459,247.34724292101,2020-10-17T17:36:58.8082827,2020-10-17T17:36:58.8082827
"Ellipse",2262,68.749537023127,102.61424782114,138.59757483895,2020-10-17T17:36:58.8082827,2020-10-17T17:36:58.8082827
"Ellipse",2263,68.749537023127,111.57898658718,248.10767511177,2020-10-17T17:36:59.3157399,2020-10-17T17:36:59.3157399
"Ellipse",2263,68.749537023127,102.44751799924,138.42440318302,2020-10-17T17:36:59.3157399,2020-10-17T17:36:59.3157399
"Ellipse",2264,68.749537023127,111.39157973174,246.61810730253,2020-10-17T17:36:59.8101844,2020-10-17T17:36:59.8101844
"Ellipse",2264,68.749537023127,102.34520651762,138.582038651,2020-10-17T17:36:59.8101844,2020-10-17T17:36:59.8101844
"Ellipse",2265,68.749537023127,111.65797317437,247.32563338301,2020-10-17T17:37:00.3066326,2020-10-17T17:37:00.3066326
"Ellipse",2265,68.749537023127,102.33232284956,138.38347859038,2020-10-17T17:37:00.3066326,2020-10-17T17:37:00.3066326
"Ellipse",2266,68.749537023127,111.54098360656,246.46050670641,2020-10-17T17:37:00.8080844,2020-10-17T17:37:00.8080844
"Ellipse",2266,68.749537023127,102.28381962865,137.85714285714,2020-10-17T17:37:00.8080844,2020-10-17T17:37:00.8080844
"Ellipse",2267,68.749537023127,111.81035767511,246.56259314456,2020-10-17T17:37:01.3155416,2020-10-17T17:37:01.3155416
"Ellipse",2267,68.749537023127,102.39522546419,138.45395983327,2020-10-17T17:37:01.3155416,2020-10-17T17:37:01.3155416
"Ellipse",2268,68.749537023127,111.89307004471,246.99441132638,2020-10-17T17:37:01.8099871,2020-10-17T17:37:01.8099871
"Ellipse",2268,68.749537023127,102.5339143615,138.73512694202,2020-10-17T17:37:01.8099871,2020-10-17T17:37:01.8099871
"Ellipse",2269,68.749537023127,112.07935916543,246.4154247392,2020-10-17T17:37:02.3064344,2020-10-17T17:37:02.3064344
"Ellipse",2269,68.749537023127,102.45168624479,138.53239863585,2020-10-17T17:37:02.3064344,2020-10-17T17:37:02.3064344
"Ellipse",2270,68.749537023127,111.87928464978,247.68070044709,2020-10-17T17:37:02.8078862,2020-10-17T17:37:02.8078862
"Ellipse",2270,68.749537023127,102.33004926108,138.58999621069,2020-10-17T17:37:02.8078862,2020-10-17T17:37:02.8078862
"Ellipse",2271,68.749537023127,111.76862891207,243.87853949329,2020-10-17T17:37:03.3073361,2020-10-17T17:37:03.3073361
"Ellipse",2271,68.749537023127,102.3361121637,136.62523683213,2020-10-17T17:37:03.3073361,2020-10-17T17:37:03.3073361
"Ellipse",2272,68.749537023127,111.91244411326,247.14083457526,2020-10-17T17:37:03.8187973,2020-10-17T17:37:03.8187973
"Ellipse",2272,68.749537023127,102.34331186055,138.40469874953,2020-10-17T17:37:03.8187973,2020-10-17T17:37:03.8187973
"Ellipse",2273,68.749537023127,111.87518628912,246.24701937407,2020-10-17T17:37:04.3072370,2020-10-17T17:37:04.3072370
"Ellipse",2273,68.749537023127,102.36756347101,138.71618037135,2020-10-17T17:37:04.3072370,2020-10-17T17:37:04.3072370
"Ellipse",2274,68.749537023127,112.15573770492,247.77235469449,2020-10-17T17:37:04.8227014,2020-10-17T17:37:04.8227014
"Ellipse",2274,68.749537023127,102.45282303903,138.56726032588,2020-10-17T17:37:04.8227014,2020-10-17T17:37:04.8227014
"Ellipse",2275,68.749537023127,112.05365126677,247.2697466468,2020-10-17T17:37:05.3061370,2020-10-17T17:37:05.3061370
"Ellipse",2275,68.749537023127,102.53732474422,138.40507768094,2020-10-17T17:37:05.3061370,2020-10-17T17:37:05.3061370
"Ellipse",2276,68.749537023127,112.08979135619,247.68740685544,2020-10-17T17:37:05.8075888,2020-10-17T17:37:05.8075888
"Ellipse",2276,68.749537023127,102.39674118985,138.80143993937,2020-10-17T17:37:05.8075888,2020-10-17T17:37:05.8075888
"Ellipse",2277,68.749537023127,111.94523099851,248.24329359165,2020-10-17T17:37:06.3190499,2020-10-17T17:37:06.3190499
"Ellipse",2277,68.749537023127,102.3868889731,138.60363774157,2020-10-17T17:37:06.3190499,2020-10-17T17:37:06.3190499
"Ellipse",2278,68.749537023127,111.99217585693,248.6043219076,2020-10-17T17:37:06.8225032,2020-10-17T17:37:06.8225032
"Ellipse",2278,68.749537023127,102.49298976885,138.77605153467,2020-10-17T17:37:06.8225032,2020-10-17T17:37:06.8225032
"Ellipse",2279,68.749537023127,112.23435171386,248.75484351714,2020-10-17T17:37:07.3069396,2020-10-17T17:37:07.3069396
"Ellipse",2279,68.749537023127,102.46494884426,138.45017051914,2020-10-17T17:37:07.3069396,2020-10-17T17:37:07.3069396
"Ellipse",2280,68.749537023127,112.51676602086,249.271609538,2020-10-17T17:37:07.8073905,2020-10-17T17:37:07.8073905
"Ellipse",2280,68.749537023127,102.42781356575,138.57180750284,2020-10-17T17:37:07.8073905,2020-10-17T17:37:07.8073905
"Ellipse",2281,68.749537023127,112.45342771982,248.17883755589,2020-10-17T17:37:08.3088423,2020-10-17T17:37:08.3088423
"Ellipse",2281,68.749537023127,102.485790072,138.55513452065,2020-10-17T17:37:08.3088423,2020-10-17T17:37:08.3088423
"Ellipse",2282,68.749537023127,112.30961251863,247.98248882265,2020-10-17T17:37:08.8112950,2020-10-17T17:37:08.8112950
"Ellipse",2282,68.749537023127,102.49677908299,139.2569154983,2020-10-17T17:37:08.8112950,2020-10-17T17:37:08.8112950
"Ellipse",2283,68.749537023127,112.51602086438,248.80141579732,2020-10-17T17:37:09.3227558,2020-10-17T17:37:09.3227558
"Ellipse",2283,68.749537023127,102.33118605532,138.7063281546,2020-10-17T17:37:09.3227558,2020-10-17T17:37:09.3227558
"Ellipse",2284,68.749537023127,112.29098360656,249.09947839046,2020-10-17T17:37:09.8081932,2020-10-17T17:37:09.8081932
"Ellipse",2284,68.749537023127,102.36832133384,138.23531640773,2020-10-17T17:37:09.8081932,2020-10-17T17:37:09.8081932
"Ellipse",2285,68.749537023127,112.4172876304,248.11922503726,2020-10-17T17:37:10.3086441,2020-10-17T17:37:10.3086441
"Ellipse",2285,68.749537023127,102.50701023115,138.86358469117,2020-10-17T17:37:10.3086441,2020-10-17T17:37:10.3086441
"Ellipse",2286,68.749537023127,112.20789865872,248.51751117735,2020-10-17T17:37:10.8080940,2020-10-17T17:37:10.8080940
"Ellipse",2286,68.749537023127,102.32891246684,138.5422508526,2020-10-17T17:37:10.8080940,2020-10-17T17:37:10.8080940
"Ellipse",2287,68.749537023127,112.45678092399,247.64083457526,2020-10-17T17:37:11.3145507,2020-10-17T17:37:11.3145507
"Ellipse",2287,68.749537023127,102.48957938613,138.79802955665,2020-10-17T17:37:11.3145507,2020-10-17T17:37:11.3145507
"Ellipse",2288,68.749537023127,112.43144560358,247.78017883756,2020-10-17T17:37:11.8069940,2020-10-17T17:37:11.8069940
"Ellipse",2288,68.749537023127,102.24327396741,138.87874194771,2020-10-17T17:37:11.8069940,2020-10-17T17:37:11.8069940
"Ellipse",2289,68.749537023127,112.20454545455,247.12928464978,2020-10-17T17:37:12.3084458,2020-10-17T17:37:12.3084458
"Ellipse",2289,68.749537023127,102.37514209928,139.22508525957,2020-10-17T17:37:12.3084458,2020-10-17T17:37:12.3084458
"Ellipse",2290,68.749537023127,112.30402384501,247.52943368107,2020-10-17T17:37:12.8078958,2020-10-17T17:37:12.8078958
"Ellipse",2290,68.749537023127,102.28381962865,138.7514209928,2020-10-17T17:37:12.8078958,2020-10-17T17:37:12.8078958
"Ellipse",2291,68.749537023127,112.4109538003,246.39344262295,2020-10-17T17:37:13.3083467,2020-10-17T17:37:13.3083467
"Ellipse",2291,68.749537023127,102.43690791967,138.91284577492,2020-10-17T17:37:13.3083467,2020-10-17T17:37:13.3083467
"Ellipse",2292,68.749537023127,112.46572280179,246.63002980626,2020-10-17T17:37:13.8208084,2020-10-17T17:37:13.8208084
"Ellipse",2292,68.749537023127,102.37741568776,138.49298976885,2020-10-17T17:37:13.8208084,2020-10-17T17:37:13.8208084
"Ellipse",2293,68.749537023127,112.15387481371,246.6501490313,2020-10-17T17:37:14.3102493,2020-10-17T17:37:14.3102493
"Ellipse",2293,68.749537023127,102.58165971959,138.81167108753,2020-10-17T17:37:14.3102493,2020-10-17T17:37:14.3102493
"Ellipse",2294,68.749537023127,112.40797317437,247.06408345753,2020-10-17T17:37:14.8086984,2020-10-17T17:37:14.8086984
"Ellipse",2294,68.749537023127,102.4914740432,138.20500189466,2020-10-17T17:37:14.8086984,2020-10-17T17:37:14.8086984
"Ellipse",2295,68.749537023127,112.36587183309,246.45268256334,2020-10-17T17:37:15.3131529,2020-10-17T17:37:15.3131529
"Ellipse",2295,68.749537023127,102.60212201592,138.24251610459,2020-10-17T17:37:15.3131529,2020-10-17T17:37:15.3131529
"Ellipse",2296,68.749537023127,112.46274217586,247.45529061103,2020-10-17T17:37:15.8085993,2020-10-17T17:37:15.8085993
"Ellipse",2296,68.749537023127,102.58355437666,138.87874194771,2020-10-17T17:37:15.8085993,2020-10-17T17:37:15.8085993
"Ellipse",2297,68.749537023127,112.29247391952,246.87518628912,2020-10-17T17:37:16.3080493,2020-10-17T17:37:16.3080493
"Ellipse",2297,68.749537023127,102.35240621448,138.63395225464,2020-10-17T17:37:16.3080493,2020-10-17T17:37:16.3080493
"Ellipse",2298,68.749537023127,112.47690014903,247.48695976155,2020-10-17T17:37:16.8064987,2020-10-17T17:37:16.8064987
"Ellipse",2298,68.749537023127,102.36566881395,139.04774535809,2020-10-17T17:37:16.8064987,2020-10-17T17:37:16.8064987
"Ellipse",2299,68.749537023127,112.29433681073,246.25260804769,2020-10-17T17:37:17.3079502,2020-10-17T17:37:17.3079502
"Ellipse",2299,68.749537023127,102.553618795,138.93861311103,2020-10-17T17:37:17.3079502,2020-10-17T17:37:17.3079502
"Ellipse",2300,68.749537023127,112.18479880775,246.67697466468,2020-10-17T17:37:17.8214128,2020-10-17T17:37:17.8214128
"Ellipse",2300,68.749537023127,102.53997726412,138.59189086775,2020-10-17T17:37:17.8214128,2020-10-17T17:37:17.8214128
"Ellipse",2301,68.749537023127,112.25223546945,247.5935171386,2020-10-17T17:37:18.3088519,2020-10-17T17:37:18.3088519
"Ellipse",2301,68.749537023127,102.41303524062,138.64797271694,2020-10-17T17:37:18.3088519,2020-10-17T17:37:18.3088519
"Ellipse",2302,68.749537023127,112.26862891207,247.43628912072,2020-10-17T17:37:18.8233154,2020-10-17T17:37:18.8233154
"Ellipse",2302,68.749537023127,102.53353543009,138.42553997726,2020-10-17T17:37:18.8233154,2020-10-17T17:37:18.8233154
"Ellipse",2303,68.749537023127,112.3912071535,247.20007451565,2020-10-17T17:37:19.3207636,2020-10-17T17:37:19.3207636
"Ellipse",2303,68.749537023127,102.48730579765,138.81697612732,2020-10-17T17:37:19.3207636,2020-10-17T17:37:19.3207636
"Ellipse",2304,68.749537023127,112.4955290611,248.13338301043,2020-10-17T17:37:19.8072019,2020-10-17T17:37:19.8072019
"Ellipse",2304,68.749537023127,102.31564986737,138.63736263736,2020-10-17T17:37:19.8072019,2020-10-17T17:37:19.8072019
"Ellipse",2305,68.749537023127,112.60692995529,248.67660208644,2020-10-17T17:37:20.3086537,2020-10-17T17:37:20.3086537
"Ellipse",2305,68.749537023127,102.42819249716,138.72148541114,2020-10-17T17:37:20.3086537,2020-10-17T17:37:20.3086537
"Ellipse",2306,68.749537023127,112.41877794337,248.60767511177,2020-10-17T17:37:20.8131082,2020-10-17T17:37:20.8131082
"Ellipse",2306,68.749537023127,102.5649867374,138.81811292156,2020-10-17T17:37:20.8131082,2020-10-17T17:37:20.8131082
"Ellipse",2307,68.749537023127,112.39716840537,248.89865871833,2020-10-17T17:37:21.3085546,2020-10-17T17:37:21.3085546
"Ellipse",2307,68.749537023127,102.46078059871,138.57180750284,2020-10-17T17:37:21.3085546,2020-10-17T17:37:21.3085546
"Ellipse",2308,68.749537023127,112.42921013413,248.81557377049,2020-10-17T17:37:21.8060027,2020-10-17T17:37:21.8060027
"Ellipse",2308,68.749537023127,102.43918150815,138.38347859038,2020-10-17T17:37:21.8060027,2020-10-17T17:37:21.8060027
"Ellipse",2309,68.749537023127,112.65722801788,249.0458271237,2020-10-17T17:37:22.3074545,2020-10-17T17:37:22.3074545
"Ellipse",2309,68.749537023127,102.48654793482,138.8616900341,2020-10-17T17:37:22.3074545,2020-10-17T17:37:22.3074545
"Ellipse",2310,68.749537023127,112.60618479881,249.07451564829,2020-10-17T17:37:22.8069045,2020-10-17T17:37:22.8069045
"Ellipse",2310,68.749537023127,102.52482000758,138.59833270178,2020-10-17T17:37:22.8069045,2020-10-17T17:37:22.8069045
"Ellipse",2311,68.749537023127,112.71870342772,248.83606557377,2020-10-17T17:37:23.3193662,2020-10-17T17:37:23.3193662
"Ellipse",2311,68.749537023127,102.45850701023,138.76392572944,2020-10-17T17:37:23.3193662,2020-10-17T17:37:23.3193662
"Ellipse",2312,68.749537023127,112.8893442623,249.01490312966,2020-10-17T17:37:23.8078063,2020-10-17T17:37:23.8078063
"Ellipse",2312,68.749537023127,102.49336870027,138.69685486927,2020-10-17T17:37:23.8078063,2020-10-17T17:37:23.8078063
"Ellipse",2313,68.749537023127,112.53576751118,250.15797317437,2020-10-17T17:37:24.3072563,2020-10-17T17:37:24.3072563
"Ellipse",2313,68.749537023127,102.37931034483,138.72338006821,2020-10-17T17:37:24.3072563,2020-10-17T17:37:24.3072563
"Ellipse",2314,68.749537023127,112.69672131148,249.90722801788,2020-10-17T17:37:24.8197183,2020-10-17T17:37:24.8197183
"Ellipse",2314,68.749537023127,102.35051155741,138.65782493369,2020-10-17T17:37:24.8197183,2020-10-17T17:37:24.8197183
"Ellipse",2315,68.749537023127,112.43479880775,249.85804769002,2020-10-17T17:37:25.3121616,2020-10-17T17:37:25.3121616
"Ellipse",2315,68.749537023127,102.38802576734,138.56839712012,2020-10-17T17:37:25.3121616,2020-10-17T17:37:25.3121616
"Ellipse",2316,68.749537023127,112.5197466468,250.43666169896,2020-10-17T17:37:25.8086089,2020-10-17T17:37:25.8086089
"Ellipse",2316,68.749537023127,102.4520651762,138.83554376658,2020-10-17T17:37:25.8086089,2020-10-17T17:37:25.8086089
"Ellipse",2317,68.749537023127,112.51676602086,250.25894187779,2020-10-17T17:37:26.3130634,2020-10-17T17:37:26.3130634
"Ellipse",2317,68.749537023127,102.43008715423,138.90640394089,2020-10-17T17:37:26.3130634,2020-10-17T17:37:26.3130634
"Ellipse",2318,68.749537023127,112.65722801788,249.76229508197,2020-10-17T17:37:26.8085098,2020-10-17T17:37:26.8085098
"Ellipse",2318,68.749537023127,102.38499431603,139.3868889731,2020-10-17T17:37:26.8085098,2020-10-17T17:37:26.8085098
"Ellipse",2319,68.749537023127,112.77906110283,250.54061102832,2020-10-17T17:37:27.3059580,2020-10-17T17:37:27.3059580
"Ellipse",2319,68.749537023127,102.29556650246,138.84577491474,2020-10-17T17:37:27.3059580,2020-10-17T17:37:27.3059580
"Ellipse",2320,68.749537023127,112.51453055142,251.15834575261,2020-10-17T17:37:27.8234297,2020-10-17T17:37:27.8234297
"Ellipse",2320,68.749537023127,102.43122394847,138.57938613111,2020-10-17T17:37:27.8234297,2020-10-17T17:37:27.8234297
"Ellipse",2321,68.749537023127,112.61661698957,251.30625931446,2020-10-17T17:37:28.3068598,2020-10-17T17:37:28.3068598
"Ellipse",2321,68.749537023127,102.50094732853,138.83743842365,2020-10-17T17:37:28.3068598,2020-10-17T17:37:28.3068598
"Ellipse",2322,68.749537023127,112.74701937407,251.54061102832,2020-10-17T17:37:28.8193215,2020-10-17T17:37:28.8193215
"Ellipse",2322,68.749537023127,102.44524441076,138.9378552482,2020-10-17T17:37:28.8193215,2020-10-17T17:37:28.8193215
"Ellipse",2323,68.749537023127,112.87816691505,251.32414307005,2020-10-17T17:37:29.3187718,2020-10-17T17:37:29.3187718
"Ellipse",2323,68.749537023127,102.2656309208,138.8757104964,2020-10-17T17:37:29.3187718,2020-10-17T17:37:29.3187718
"Ellipse",2324,68.749537023127,112.65611028316,251.48845007452,2020-10-17T17:37:29.8082124,2020-10-17T17:37:29.8082124
"Ellipse",2324,68.749537023127,102.46911708981,138.79840848806,2020-10-17T17:37:29.8082124,2020-10-17T17:37:29.8082124
"Ellipse",2325,68.749537023127,112.55290611028,250.62146050671,2020-10-17T17:37:30.3066615,2020-10-17T17:37:30.3066615
"Ellipse",2325,68.749537023127,102.37173171656,138.73361121637,2020-10-17T17:37:30.3066615,2020-10-17T17:37:30.3066615
"Ellipse",2326,68.749537023127,112.82078986587,251.01788375559,2020-10-17T17:37:30.8101151,2020-10-17T17:37:30.8101151
"Ellipse",2326,68.749537023127,102.47783251232,138.23758999621,2020-10-17T17:37:30.8101151,2020-10-17T17:37:30.8101151
"Ellipse",2327,68.749537023127,112.35208643815,251.03502235469,2020-10-17T17:37:31.3065624,2020-10-17T17:37:31.3065624
"Ellipse",2327,68.749537023127,102.46305418719,138.39333080712,2020-10-17T17:37:31.3065624,2020-10-17T17:37:31.3065624
"Ellipse",2328,68.749537023127,112.57749627422,251.64344262295,2020-10-17T17:37:31.8080142,2020-10-17T17:37:31.8080142
"Ellipse",2328,68.749537023127,102.22470632816,138.85411140584,2020-10-17T17:37:31.8080142,2020-10-17T17:37:31.8080142
"Ellipse",2329,68.749537023127,112.36624441133,251.62369597616,2020-10-17T17:37:32.3144708,2020-10-17T17:37:32.3144708
"Ellipse",2329,68.749537023127,102.52027283062,138.58544903373,2020-10-17T17:37:32.3144708,2020-10-17T17:37:32.3144708
"Ellipse",2330,68.749537023127,112.65499254844,251.27049180328,2020-10-17T17:37:32.8099172,2020-10-17T17:37:32.8099172
"Ellipse",2330,68.749537023127,102.46267525578,138.80257673361,2020-10-17T17:37:32.8099172,2020-10-17T17:37:32.8099172
"Ellipse",2331,68.749537023127,112.25745156483,251.47615499255,2020-10-17T17:37:33.3063641,2020-10-17T17:37:33.3063641
"Ellipse",2331,68.749537023127,102.49564228875,138.40090943539,2020-10-17T17:37:33.3063641,2020-10-17T17:37:33.3063641
"Ellipse",2332,68.749537023127,112.58643815201,251.62257824143,2020-10-17T17:37:33.8088168,2020-10-17T17:37:33.8088168
"Ellipse",2332,68.749537023127,102.35619552861,138.76657824934,2020-10-17T17:37:33.8088168,2020-10-17T17:37:33.8088168
"Ellipse",2333,68.749537023127,112.43368107303,251.82041728763,2020-10-17T17:37:34.3072659,2020-10-17T17:37:34.3072659
"Ellipse",2333,68.749537023127,102.4831375521,138.66502463054,2020-10-17T17:37:34.3072659,2020-10-17T17:37:34.3072659
"Ellipse",2334,68.749537023127,112.62481371088,251.47690014903,2020-10-17T17:37:34.8217294,2020-10-17T17:37:34.8217294
"Ellipse",2334,68.749537023127,102.38385752179,138.54679802956,2020-10-17T17:37:34.8217294,2020-10-17T17:37:34.8217294
"Ellipse",2335,68.749537023127,112.26751117735,251.78278688525,2020-10-17T17:37:35.3061659,2020-10-17T17:37:35.3061659
"Ellipse",2335,68.749537023127,102.47707464949,138.48541114058,2020-10-17T17:37:35.3061659,2020-10-17T17:37:35.3061659
"Ellipse",2336,68.749537023127,112.26229508197,250.96087928465,2020-10-17T17:37:35.8086186,2020-10-17T17:37:35.8086186
"Ellipse",2336,68.749537023127,102.60022735885,138.72072754831,2020-10-17T17:37:35.8086186,2020-10-17T17:37:35.8086186
"Ellipse",2337,68.749537023127,112.32749627422,249.29619970194,2020-10-17T17:37:36.3090694,2020-10-17T17:37:36.3090694
"Ellipse",2337,68.749537023127,102.40204622963,138.64494126563,2020-10-17T17:37:36.3090694,2020-10-17T17:37:36.3090694
"Ellipse",2338,68.749537023127,112.16393442623,247.82898658718,2020-10-17T17:37:36.8085194,2020-10-17T17:37:36.8085194
"Ellipse",2338,68.749537023127,102.50814702539,138.9378552482,2020-10-17T17:37:36.8085194,2020-10-17T17:37:36.8085194
"Ellipse",2339,68.749537023127,112.31264023934,247.99065071055,2020-10-17T17:37:37.3069685,2020-10-17T17:37:37.3069685
"Ellipse",2339,68.749537023127,102.39219401288,138.92686623721,2020-10-17T17:37:37.3069685,2020-10-17T17:37:37.3069685
"Ellipse",2340,68.749537023127,112.13649962603,248.48204936425,2020-10-17T17:37:37.8084203,2020-10-17T17:37:37.8084203
"Ellipse",2340,68.749537023127,102.56877605154,139.35543766578,2020-10-17T17:37:37.8084203,2020-10-17T17:37:37.8084203
"Ellipse",2341,68.749537023127,112.21690351533,246.3870605834,2020-10-17T17:37:38.3108730,2020-10-17T17:37:38.3108730
"Ellipse",2341,68.749537023127,102.37779461917,139.12769988632,2020-10-17T17:37:38.3108730,2020-10-17T17:37:38.3108730
"Ellipse",2342,68.749537023127,111.61032161556,240.2124158564,2020-10-17T17:37:38.8083212,2020-10-17T17:37:38.8083212
"Ellipse",2342,68.749537023127,102.49640015157,139.34672224327,2020-10-17T17:37:38.8083212,2020-10-17T17:37:38.8083212
"Ellipse",2343,68.749537023127,111.35377711294,236.00486163052,2020-10-17T17:37:39.3167796,2020-10-17T17:37:39.3167796
"Ellipse",2343,68.749537023127,102.47707464949,139.22811671088,2020-10-17T17:37:39.3167796,2020-10-17T17:37:39.3167796
"Ellipse",2344,68.749537023127,111.43941660434,235.64697083022,2020-10-17T17:37:39.8102238,2020-10-17T17:37:39.8102238
"Ellipse",2344,68.749537023127,102.3899204244,139.48162182645,2020-10-17T17:37:39.8102238,2020-10-17T17:37:39.8102238
"Ellipse",2345,68.749537023127,111.56706408346,238.70640834575,2020-10-17T17:37:40.3206838,2020-10-17T17:37:40.3206838
"Ellipse",2345,68.749537023127,102.53580901857,140.05987116332,2020-10-17T17:37:40.3206838,2020-10-17T17:37:40.3206838
"Ellipse",2346,68.749537023127,111.91020864382,240.95603576751,2020-10-17T17:37:40.8071220,2020-10-17T17:37:40.8071220
"Ellipse",2346,68.749537023127,102.60818491853,140.2231906025,2020-10-17T17:37:40.8071220,2020-10-17T17:37:40.8071220
"Ellipse",2347,68.749537023127,111.89157973174,240.26229508197,2020-10-17T17:37:41.3065720,2020-10-17T17:37:41.3065720
"Ellipse",2347,68.749537023127,102.52482000758,140.52292535051,2020-10-17T17:37:41.3065720,2020-10-17T17:37:41.3065720
"Ellipse",2348,68.749537023127,112.24292101341,246.78837555887,2020-10-17T17:37:41.8180328,2020-10-17T17:37:41.8180328
"Ellipse",2348,68.749537023127,102.41000378931,140.81167108753,2020-10-17T17:37:41.8180328,2020-10-17T17:37:41.8180328
"Ellipse",2349,68.749537023127,111.62853949329,243.63822652757,2020-10-17T17:37:42.3064729,2020-10-17T17:37:42.3064729
"Ellipse",2349,68.749537023127,102.54452444108,140.68131868132,2020-10-17T17:37:42.3064729,2020-10-17T17:37:42.3064729
"Ellipse",2350,68.749537023127,111.82297904192,240.60179640719,2020-10-17T17:37:42.8119283,2020-10-17T17:37:42.8119283
"Ellipse",2350,68.749537023127,102.48616900341,140.79120879121,2020-10-17T17:37:42.8119283,2020-10-17T17:37:42.8119283
"Ellipse",2351,68.749537023127,112.87724550898,250.30726047904,2020-10-17T17:37:43.3073746,2020-10-17T17:37:43.3073746
"Ellipse",2351,68.749537023127,102.6131110269,141.12277377795,2020-10-17T17:37:43.3073746,2020-10-17T17:37:43.3073746
"Ellipse",2352,68.749537023127,112.8495508982,250.53330838323,2020-10-17T17:37:43.8078255,2020-10-17T17:37:43.8078255
"Ellipse",2352,68.749537023127,102.59113300493,140.79499810534,2020-10-17T17:37:43.8078255,2020-10-17T17:37:43.8078255
"Ellipse",2353,68.749537023127,112.86938622755,249.16841317365,2020-10-17T17:37:44.3072755,2020-10-17T17:37:44.3072755
"Ellipse",2353,68.749537023127,102.65176203107,141.37097385373,2020-10-17T17:37:44.3072755,2020-10-17T17:37:44.3072755
"Ellipse",2354,68.749537023127,112.74700598802,254.9251497006,2020-10-17T17:37:44.8227399,2020-10-17T17:37:44.8227399
"Ellipse",2354,68.749537023127,102.69988632058,141.56612353164,2020-10-17T17:37:44.8227399,2020-10-17T17:37:44.8227399
"Ellipse",2355,68.749537023127,112.74850299401,253.60965568862,2020-10-17T17:37:45.3081773,2020-10-17T17:37:45.3081773
"Ellipse",2355,68.749537023127,102.50738916256,141.67942402425,2020-10-17T17:37:45.3081773,2020-10-17T17:37:45.3081773
"Ellipse",2356,68.749537023127,112.70770958084,252.24401197605,2020-10-17T17:37:45.8076273,2020-10-17T17:37:45.8076273
"Ellipse",2356,68.749537023127,102.68472906404,141.87722622205,2020-10-17T17:37:45.8076273,2020-10-17T17:37:45.8076273
"Ellipse",2357,68.749537023127,112.84915572233,250.5894934334,2020-10-17T17:37:46.3070773,2020-10-17T17:37:46.3070773
"Ellipse",2357,68.749537023127,102.50056839712,141.24630541872,2020-10-17T17:37:46.3070773,2020-10-17T17:37:46.3070773
"Ellipse",2358,68.749537023127,113.02664165103,248.7287054409,2020-10-17T17:37:46.8075281,2020-10-17T17:37:46.8075281
"Ellipse",2358,68.749537023127,102.62031072376,141.30617658204,2020-10-17T17:37:46.8075281,2020-10-17T17:37:46.8075281
"Ellipse",2359,68.749537023127,113.03076923077,249.45140712946,2020-10-17T17:37:47.3079790,2020-10-17T17:37:47.3079790
"Ellipse",2359,68.749537023127,102.63243652899,141.21788556271,2020-10-17T17:37:47.3079790,2020-10-17T17:37:47.3079790
"Ellipse",2360,68.749537023127,113.30356472796,248.00300187617,2020-10-17T17:37:47.8064284,2020-10-17T17:37:47.8064284
"Ellipse",2360,68.749537023127,102.50814702539,140.86131110269,2020-10-17T17:37:47.8064284,2020-10-17T17:37:47.8064284
"Ellipse",2361,68.749537023127,113.39849906191,249.2851782364,2020-10-17T17:37:48.3108826,2020-10-17T17:37:48.3108826
"Ellipse",2361,68.749537023127,102.64153088291,140.89920424403,2020-10-17T17:37:48.3108826,2020-10-17T17:37:48.3108826
"Ellipse",2362,68.749537023127,113.39099437148,250.44540337711,2020-10-17T17:37:48.8073302,2020-10-17T17:37:48.8073302
"Ellipse",2362,68.749537023127,102.50170519136,141.10534293293,2020-10-17T17:37:48.8073302,2020-10-17T17:37:48.8073302
"Ellipse",2363,68.749537023127,113.32757973734,249.48217636023,2020-10-17T17:37:49.3167892,2020-10-17T17:37:49.3167892
"Ellipse",2363,68.749537023127,102.56309208033,141.43880257673,2020-10-17T17:37:49.3167892,2020-10-17T17:37:49.3167892
"Ellipse",2364,68.749537023127,113.46491557223,250.45628517824,2020-10-17T17:37:49.8072308,2020-10-17T17:37:49.8072308
"Ellipse",2364,68.749537023127,102.52785145889,141.446381205,2020-10-17T17:37:49.8072308,2020-10-17T17:37:49.8072308
"Ellipse",2365,68.749537023127,113.35159474672,249.50281425891,2020-10-17T17:37:50.3196928,2020-10-17T17:37:50.3196928
"Ellipse",2365,68.749537023127,102.42781356575,141.23607427056,2020-10-17T17:37:50.3196928,2020-10-17T17:37:50.3196928
"Ellipse",2366,68.749537023127,113.304315197,250.64615384615,2020-10-17T17:37:50.8101343,2020-10-17T17:37:50.8101343
"Ellipse",2366,68.749537023127,102.55854490337,140.94429708223,2020-10-17T17:37:50.8101343,2020-10-17T17:37:50.8101343
"Ellipse",2367,68.749537023127,113.58836772983,250.29080675422,2020-10-17T17:37:51.3085834,2020-10-17T17:37:51.3085834
"Ellipse",2367,68.749537023127,102.66881394468,141.05949223191,2020-10-17T17:37:51.3085834,2020-10-17T17:37:51.3085834
"Ellipse",2368,68.749537023127,113.3808630394,248.45065666041,2020-10-17T17:37:51.8070325,2020-10-17T17:37:51.8070325
"Ellipse",2368,68.749537023127,102.44183402804,139.48541114058,2020-10-17T17:37:51.8070325,2020-10-17T17:37:51.8070325
"Ellipse",2369,68.749537023127,113.5095684803,250.73583489681,2020-10-17T17:37:52.3114870,2020-10-17T17:37:52.3114870
"Ellipse",2369,68.749537023127,102.57029177719,141.0875331565,2020-10-17T17:37:52.3114870,2020-10-17T17:37:52.3114870
"Ellipse",2370,68.749537023127,113.54896810507,251.24540337711,2020-10-17T17:37:52.8069334,2020-10-17T17:37:52.8069334
"Ellipse",2370,68.749537023127,102.73929518757,141.0791966654,2020-10-17T17:37:52.8069334,2020-10-17T17:37:52.8069334
"Ellipse",2371,68.749537023127,113.67317073171,250.02664165103,2020-10-17T17:37:53.3083852,2020-10-17T17:37:53.3083852
"Ellipse",2371,68.749537023127,102.67449791588,141.0791966654,2020-10-17T17:37:53.3083852,2020-10-17T17:37:53.3083852
"Ellipse",2372,68.749537023127,113.8105065666,250.33508442777,2020-10-17T17:37:53.8078352,2020-10-17T17:37:53.8078352
"Ellipse",2372,68.749537023127,102.51572565366,140.72110647973,2020-10-17T17:37:53.8078352,2020-10-17T17:37:53.8078352
"Ellipse",2373,68.749537023127,113.85290806754,250.35159474672,2020-10-17T17:37:54.3092869,2020-10-17T17:37:54.3092869
"Ellipse",2373,68.749537023127,102.56801818871,140.7768093975,2020-10-17T17:37:54.3092869,2020-10-17T17:37:54.3092869
"Ellipse",2374,68.749537023127,113.54896810507,250.10131332083,2020-10-17T17:37:54.8107387,2020-10-17T17:37:54.8107387
"Ellipse",2374,68.749537023127,102.44145509663,140.77946191739,2020-10-17T17:37:54.8107387,2020-10-17T17:37:54.8107387
"Ellipse",2375,68.749537023127,113.78273921201,249.44052532833,2020-10-17T17:37:55.3081869,2020-10-17T17:37:55.3081869
"Ellipse",2375,68.749537023127,102.64645699129,141.18226600985,2020-10-17T17:37:55.3081869,2020-10-17T17:37:55.3081869
"Ellipse",2376,68.749537023127,113.64240150094,250.11444652908,2020-10-17T17:37:55.8096387,2020-10-17T17:37:55.8096387
"Ellipse",2376,68.749537023127,102.72262220538,141.02311481622,2020-10-17T17:37:55.8096387,2020-10-17T17:37:55.8096387
"Ellipse",2377,68.749537023127,113.69606003752,250.56435272045,2020-10-17T17:37:56.3080878,2020-10-17T17:37:56.3080878
"Ellipse",2377,68.749537023127,102.58165971959,140.84084880637,2020-10-17T17:37:56.3080878,2020-10-17T17:37:56.3080878
"Ellipse",2378,68.749537023127,113.64727954972,249.39362101313,2020-10-17T17:37:56.8075378,2020-10-17T17:37:56.8075378
"Ellipse",2378,68.749537023127,102.5028419856,140.8078817734,2020-10-17T17:37:56.8075378,2020-10-17T17:37:56.8075378
"Ellipse",2379,68.749537023127,113.02476547842,244.07016885554,2020-10-17T17:37:57.3079887,2020-10-17T17:37:57.3079887
"Ellipse",2379,68.749537023127,102.57370215991,141.02955665025,2020-10-17T17:37:57.3079887,2020-10-17T17:37:57.3079887
"Ellipse",2380,68.749537023127,113.18461538462,243.24240150094,2020-10-17T17:37:57.8074386,2020-10-17T17:37:57.8074386
"Ellipse",2380,68.749537023127,102.56839712012,140.72110647973,2020-10-17T17:37:57.8074386,2020-10-17T17:37:57.8074386
"Ellipse",2381,68.749537023127,114.22589118199,252.39174484053,2020-10-17T17:37:58.3108922,2020-10-17T17:37:58.3108922
"Ellipse",2381,68.749537023127,102.69079196665,140.82038651004,2020-10-17T17:37:58.3108922,2020-10-17T17:37:58.3108922
"Ellipse",2382,68.749537023127,114.35572232645,251.8225140713,2020-10-17T17:37:58.8073395,2020-10-17T17:37:58.8073395
"Ellipse",2382,68.749537023127,102.55854490337,141.02917771883,2020-10-17T17:37:58.8073395,2020-10-17T17:37:58.8073395
"Ellipse",2383,68.749537023127,113.77823639775,250.48330206379,2020-10-17T17:37:59.3157976,2020-10-17T17:37:59.3157976
"Ellipse",2383,68.749537023127,102.5395983327,141.27131489201,2020-10-17T17:37:59.3157976,2020-10-17T17:37:59.3157976
"Ellipse",2384,68.749537023127,114.30405405405,252.02477477478,2020-10-17T17:37:59.8072404,2020-10-17T17:37:59.8072404
"Ellipse",2384,68.749537023127,102.61955286093,141.29746115953,2020-10-17T17:37:59.8072404,2020-10-17T17:37:59.8072404
"Ellipse",2385,68.749537023127,114.88588588589,252.91028528529,2020-10-17T17:38:00.3187095,2020-10-17T17:38:00.3187095
"Ellipse",2385,68.749537023127,102.52785145889,141.10875331565,2020-10-17T17:38:00.3187095,2020-10-17T17:38:00.3187095
"Ellipse",2386,68.749537023127,115.13513513514,253.60022522523,2020-10-17T17:38:00.8071413,2020-10-17T17:38:00.8071413
"Ellipse",2386,68.749537023127,102.42819249716,141.38272072755,2020-10-17T17:38:00.8071413,2020-10-17T17:38:00.8071413
"Ellipse",2387,68.749537023127,115.27852852853,254.33033033033,2020-10-17T17:38:01.3065912,2020-10-17T17:38:01.3065912
"Ellipse",2387,68.749537023127,102.43993937097,141.69723380068,2020-10-17T17:38:01.3065912,2020-10-17T17:38:01.3065912
"Ellipse",2388,68.749537023127,115.30668168168,258.69782282282,2020-10-17T17:38:01.8140484,2020-10-17T17:38:01.8140484
"Ellipse",2388,68.749537023127,102.59226979917,141.83630162941,2020-10-17T17:38:01.8140484,2020-10-17T17:38:01.8140484
"Ellipse",2389,68.749537023127,115.3948948949,258.92454954955,2020-10-17T17:38:02.3084939,2020-10-17T17:38:02.3084939
"Ellipse",2389,68.749537023127,102.70405456612,141.87343690792,2020-10-17T17:38:02.3084939,2020-10-17T17:38:02.3084939
"Ellipse",2390,68.749537023127,115.48761261261,259.84046546547,2020-10-17T17:38:02.8069430,2020-10-17T17:38:02.8069430
"Ellipse",2390,68.749537023127,102.65024630542,141.62864721485,2020-10-17T17:38:02.8069430,2020-10-17T17:38:02.8069430
"Ellipse",2391,68.749537023127,115.6981981982,258.37237237237,2020-10-17T17:38:03.3073939,2020-10-17T17:38:03.3073939
"Ellipse",2391,68.749537023127,102.54452444108,142.16521409625,2020-10-17T17:38:03.3073939,2020-10-17T17:38:03.3073939
"Ellipse",2392,68.749537023127,115.73948948949,259.68918918919,2020-10-17T17:38:03.8078448,2020-10-17T17:38:03.8078448
"Ellipse",2392,68.749537023127,102.57976506252,142.01515725654,2020-10-17T17:38:03.8078448,2020-10-17T17:38:03.8078448
"Ellipse",2393,68.749537023127,115.51839339339,259.23423423423,2020-10-17T17:38:04.3193056,2020-10-17T17:38:04.3193056
"Ellipse",2393,68.749537023127,102.64228874574,142.17165593028,2020-10-17T17:38:04.3193056,2020-10-17T17:38:04.3193056
"Ellipse",2394,68.749537023127,115.80668168168,260.51951951952,2020-10-17T17:38:04.8177547,2020-10-17T17:38:04.8177547
"Ellipse",2394,68.749537023127,102.67449791588,141.85411140584,2020-10-17T17:38:04.8177547,2020-10-17T17:38:04.8177547
"Ellipse",2395,68.749537023127,115.90503003003,260.14301801802,2020-10-17T17:38:05.3071956,2020-10-17T17:38:05.3071956
"Ellipse",2395,68.749537023127,102.51572565366,141.91928760894,2020-10-17T17:38:05.3071956,2020-10-17T17:38:05.3071956
"Ellipse",2396,68.749537023127,115.63025525526,259.81193693694,2020-10-17T17:38:05.8086474,2020-10-17T17:38:05.8086474
"Ellipse",2396,68.749537023127,102.65896172793,142.19136036377,2020-10-17T17:38:05.8086474,2020-10-17T17:38:05.8086474
"Ellipse",2397,68.749537023127,115.81644144144,260.29204204204,2020-10-17T17:38:06.3070965,2020-10-17T17:38:06.3070965
"Ellipse",2397,68.749537023127,102.66691928761,141.7938613111,2020-10-17T17:38:06.3070965,2020-10-17T17:38:06.3070965
"Ellipse",2398,68.749537023127,115.83783783784,261.5213963964,2020-10-17T17:38:06.8105501,2020-10-17T17:38:06.8105501
"Ellipse",2398,68.749537023127,102.553618795,141.65100416825,2020-10-17T17:38:06.8105501,2020-10-17T17:38:06.8105501
"Ellipse",2399,68.749537023127,115.92192192192,261.90165165165,2020-10-17T17:38:07.3089992,2020-10-17T17:38:07.3089992
"Ellipse",2399,68.749537023127,102.69003410383,142.13527851459,2020-10-17T17:38:07.3089992,2020-10-17T17:38:07.3089992
"Ellipse",2400,68.749537023127,115.76313813814,259.45382882883,2020-10-17T17:38:07.8134537,2020-10-17T17:38:07.8134537
"Ellipse",2400,68.749537023127,102.72565365669,141.81962864722,2020-10-17T17:38:07.8134537,2020-10-17T17:38:07.8134537
"Ellipse",2401,68.749537023127,116.00450450451,259.8978978979,2020-10-17T17:38:08.3089001,2020-10-17T17:38:08.3089001
"Ellipse",2401,68.749537023127,102.4888215233,141.75748389542,2020-10-17T17:38:08.3089001,2020-10-17T17:38:08.3089001
"Ellipse",2402,68.749537023127,116.02327327327,260.18693693694,2020-10-17T17:38:08.8103518,2020-10-17T17:38:08.8103518
"Ellipse",2402,68.749537023127,102.75255778704,142.09094353922,2020-10-17T17:38:08.8103518,2020-10-17T17:38:08.8103518
"Ellipse",2403,68.749537023127,116.05105105105,260.06719219219,2020-10-17T17:38:09.3078003,2020-10-17T17:38:09.3078003
"Ellipse",2403,68.749537023127,102.66123531641,141.80030314513,2020-10-17T17:38:09.3078003,2020-10-17T17:38:09.3078003
"Ellipse",2404,68.749537023127,115.90728228228,259.49099099099,2020-10-17T17:38:09.8082509,2020-10-17T17:38:09.8082509
"Ellipse",2404,68.749537023127,102.8192497158,142.08109132247,2020-10-17T17:38:09.8082509,2020-10-17T17:38:09.8082509
"Ellipse",2405,68.749537023127,116.03490990991,260.15315315315,2020-10-17T17:38:10.3197117,2020-10-17T17:38:10.3197117
"Ellipse",2405,68.749537023127,102.59454338765,142.33383857522,2020-10-17T17:38:10.3197117,2020-10-17T17:38:10.3197117
"Ellipse",2406,68.749537023127,115.98911411411,259.36073573574,2020-10-17T17:38:10.8081518,2020-10-17T17:38:10.8081518
"Ellipse",2406,68.749537023127,102.57521788556,141.81621826449,2020-10-17T17:38:10.8081518,2020-10-17T17:38:10.8081518
"Ellipse",2407,68.749537023127,116.19557057057,259.75075075075,2020-10-17T17:38:11.3156093,2020-10-17T17:38:11.3156093
"Ellipse",2407,68.749537023127,102.65289882531,141.89806744979,2020-10-17T17:38:11.3156093,2020-10-17T17:38:11.3156093
"Ellipse",2408,68.749537023127,116.49061561562,259.86111111111,2020-10-17T17:38:11.8130575,2020-10-17T17:38:11.8130575
"Ellipse",2408,68.749537023127,102.64986737401,142.15649867374,2020-10-17T17:38:11.8130575,2020-10-17T17:38:11.8130575
"Ellipse",2409,68.749537023127,116.31531531532,258.57057057057,2020-10-17T17:38:12.3085035,2020-10-17T17:38:12.3085035
"Ellipse",2409,68.749537023127,102.77794619174,142.03524062145,2020-10-17T17:38:12.3085035,2020-10-17T17:38:12.3085035
"Ellipse",2410,68.749537023127,116.18543543544,259.43318318318,2020-10-17T17:38:12.8079535,2020-10-17T17:38:12.8079535
"Ellipse",2410,68.749537023127,102.78438802577,142.03902993558,2020-10-17T17:38:12.8079535,2020-10-17T17:38:12.8079535
"Ellipse",2411,68.749537023127,116.53303303303,260.10135135135,2020-10-17T17:38:13.3074035,2020-10-17T17:38:13.3074035
"Ellipse",2411,68.749537023127,102.58658582797,142.05797650625,2020-10-17T17:38:13.3074035,2020-10-17T17:38:13.3074035
"Ellipse",2412,68.749537023127,116.50337837838,259.55893393393,2020-10-17T17:38:13.8138598,2020-10-17T17:38:13.8138598
"Ellipse",2412,68.749537023127,102.75028419856,141.68700265252,2020-10-17T17:38:13.8138598,2020-10-17T17:38:13.8138598
"Ellipse",2413,68.749537023127,116.50600600601,258.95045045045,2020-10-17T17:38:14.3093062,2020-10-17T17:38:14.3093062
"Ellipse",2413,68.749537023127,102.48086396362,142.446381205,2020-10-17T17:38:14.3093062,2020-10-17T17:38:14.3093062
"Ellipse",2414,68.749537023127,116.40915915916,259.69106606607,2020-10-17T17:38:14.8087562,2020-10-17T17:38:14.8087562
"Ellipse",2414,68.749537023127,102.69382341796,141.90943539219,2020-10-17T17:38:14.8087562,2020-10-17T17:38:14.8087562
"Ellipse",2415,68.749537023127,116.36786786787,258.62837837838,2020-10-17T17:38:15.3072053,2020-10-17T17:38:15.3072053
"Ellipse",2415,68.749537023127,102.57446002274,142.22849564229,2020-10-17T17:38:15.3072053,2020-10-17T17:38:15.3072053
"Ellipse",2416,68.749537023127,116.07995495496,259.9222972973,2020-10-17T17:38:15.8216691,2020-10-17T17:38:15.8216691
"Ellipse",2416,68.749537023127,102.78438802577,142.10269041304,2020-10-17T17:38:15.8216691,2020-10-17T17:38:15.8216691
"Ellipse",2417,68.749537023127,116.39151651652,259.38025525526,2020-10-17T17:38:16.3131119,2020-10-17T17:38:16.3131119
"Ellipse",2417,68.749537023127,102.68586585828,141.76885183782,2020-10-17T17:38:16.3131119,2020-10-17T17:38:16.3131119
"Ellipse",2418,68.749537023127,116.24924924925,259.58933933934,2020-10-17T17:38:16.8085579,2020-10-17T17:38:16.8085579
"Ellipse",2418,68.749537023127,102.70708601743,142.46002273589,2020-10-17T17:38:16.8085579,2020-10-17T17:38:16.8085579
"Ellipse",2419,68.749537023127,116.37912912913,259.38513513514,2020-10-17T17:38:17.3060061,2020-10-17T17:38:17.3060061
"Ellipse",2419,68.749537023127,102.56043956044,142.30958696476,2020-10-17T17:38:17.3060061,2020-10-17T17:38:17.3060061
"Ellipse",2420,68.749537023127,116.59046546547,259.75900900901,2020-10-17T17:38:17.8084588,2020-10-17T17:38:17.8084588
"Ellipse",2420,68.749537023127,102.61462675256,142.09511178477,2020-10-17T17:38:17.8084588,2020-10-17T17:38:17.8084588
"Ellipse",2421,68.749537023127,116.66441441441,259.56944444444,2020-10-17T17:38:18.3079088,2020-10-17T17:38:18.3079088
"Ellipse",2421,68.749537023127,102.57521788556,141.98522167488,2020-10-17T17:38:18.3079088,2020-10-17T17:38:18.3079088
"Ellipse",2422,68.749537023127,116.45382882883,258.60097597598,2020-10-17T17:38:18.8063579,2020-10-17T17:38:18.8063579
"Ellipse",2422,68.749537023127,102.77756726033,142.16028798787,2020-10-17T17:38:18.8063579,2020-10-17T17:38:18.8063579
"Ellipse",2423,68.749537023127,116.34534534535,258.61186186186,2020-10-17T17:38:19.3078097,2020-10-17T17:38:19.3078097
"Ellipse",2423,68.749537023127,102.62447896931,142.52444107617,2020-10-17T17:38:19.3078097,2020-10-17T17:38:19.3078097
"Ellipse",2424,68.749537023127,116.41216216216,258.67004504505,2020-10-17T17:38:19.8072596,2020-10-17T17:38:19.8072596
"Ellipse",2424,68.749537023127,102.59151193634,142.22015915119,2020-10-17T17:38:19.8072596,2020-10-17T17:38:19.8072596
"Ellipse",2425,68.749537023127,116.50487987988,258.88363363363,2020-10-17T17:38:20.3107132,2020-10-17T17:38:20.3107132
"Ellipse",2425,68.749537023127,102.74232663888,141.93255020841,2020-10-17T17:38:20.3107132,2020-10-17T17:38:20.3107132
"Ellipse",2426,68.749537023127,116.55555555556,258.46996996997,2020-10-17T17:38:20.8071605,2020-10-17T17:38:20.8071605
"Ellipse",2426,68.749537023127,102.77794619174,142.56650246305,2020-10-17T17:38:20.8071605,2020-10-17T17:38:20.8071605
"Ellipse",2427,68.749537023127,117.27330587795,261.51516286035,2020-10-17T17:38:21.3216240,2020-10-17T17:38:21.3216240
"Ellipse",2427,68.749537023127,102.6100795756,142.30996589617,2020-10-17T17:38:21.3216240,2020-10-17T17:38:21.3216240
"Ellipse",2428,68.749537023127,117.11044552602,262.33807562711,2020-10-17T17:38:21.8070614,2020-10-17T17:38:21.8070614
"Ellipse",2428,68.749537023127,102.52368321334,142.18150814703,2020-10-17T17:38:21.8070614,2020-10-17T17:38:21.8070614
"Ellipse",2429,68.749537023127,116.72182703108,258.76974915762,2020-10-17T17:38:22.3115159,2020-10-17T17:38:22.3115159
"Ellipse",2429,68.749537023127,102.66540356196,142.0507768094,2020-10-17T17:38:22.3115159,2020-10-17T17:38:22.3115159
"Ellipse",2430,68.749537023127,117.00074878323,258.9779108948,2020-10-17T17:38:22.8069623,2020-10-17T17:38:22.8069623
"Ellipse",2430,68.749537023127,102.68548692687,142.13489958318,2020-10-17T17:38:22.8069623,2020-10-17T17:38:22.8069623
"Ellipse",2431,68.749537023127,116.71134406589,258.09546986148,2020-10-17T17:38:23.3084140,2020-10-17T17:38:23.3084140
"Ellipse",2431,68.749537023127,102.51572565366,142.32815460402,2020-10-17T17:38:23.3084140,2020-10-17T17:38:23.3084140
"Ellipse",2432,68.749537023127,117.30512916511,261.93148633471,2020-10-17T17:38:23.8078640,2020-10-17T17:38:23.8078640
"Ellipse",2432,68.749537023127,102.82000757863,142.83705949223,2020-10-17T17:38:23.8078640,2020-10-17T17:38:23.8078640
"Ellipse",2433,68.749537023127,117.35791838263,261.76188693373,2020-10-17T17:38:24.3083149,2020-10-17T17:38:24.3083149
"Ellipse",2433,68.749537023127,102.48768472906,142.2569154983,2020-10-17T17:38:24.3083149,2020-10-17T17:38:24.3083149
"Ellipse",2434,68.749537023127,117.56345937851,261.91800823662,2020-10-17T17:38:24.8147712,2020-10-17T17:38:24.8147712
"Ellipse",2434,68.749537023127,102.76241000379,142.54869268662,2020-10-17T17:38:24.8147712,2020-10-17T17:38:24.8147712
"Ellipse",2435,68.749537023127,117.24597529015,262.16922500936,2020-10-17T17:38:25.3102176,2020-10-17T17:38:25.3102176
"Ellipse",2435,68.749537023127,102.52671466465,142.50511557408,2020-10-17T17:38:25.3102176,2020-10-17T17:38:25.3102176
"Ellipse",2436,68.749537023127,117.90041183078,262.59827779858,2020-10-17T17:38:25.8166739,2020-10-17T17:38:25.8166739
"Ellipse",2436,68.749537023127,102.7768093975,142.62485790072,2020-10-17T17:38:25.8166739,2020-10-17T17:38:25.8166739
"Ellipse",2437,68.749537023127,117.90752527143,263.28753275927,2020-10-17T17:38:26.3101185,2020-10-17T17:38:26.3101185
"Ellipse",2437,68.749537023127,102.54452444108,142.72565365669,2020-10-17T17:38:26.3101185,2020-10-17T17:38:26.3101185
"Ellipse",2438,68.749537023127,117.78060651441,264.18083114938,2020-10-17T17:38:26.8075666,2020-10-17T17:38:26.8075666
"Ellipse",2438,68.749537023127,102.69230769231,142.68965517241,2020-10-17T17:38:26.8075666,2020-10-17T17:38:26.8075666
"Ellipse",2439,68.749537023127,118.03070011232,264.16697865968,2020-10-17T17:38:27.3080175,2020-10-17T17:38:27.3080175
"Ellipse",2439,68.749537023127,102.72944297082,142.99734748011,2020-10-17T17:38:27.3080175,2020-10-17T17:38:27.3080175
"Ellipse",2440,68.749537023127,117.868214152,263.95432422314,2020-10-17T17:38:27.8074675,2020-10-17T17:38:27.8074675
"Ellipse",2440,68.749537023127,102.63433118606,142.81015536188,2020-10-17T17:38:27.8074675,2020-10-17T17:38:27.8074675
"Ellipse",2441,68.749537023127,117.99138899289,263.3983526769,2020-10-17T17:38:28.3079184,2020-10-17T17:38:28.3079184
"Ellipse",2441,68.749537023127,102.65024630542,142.4209928003,2020-10-17T17:38:28.3079184,2020-10-17T17:38:28.3079184
"Ellipse",2442,68.749537023127,117.97678771996,263.71621115687,2020-10-17T17:38:28.8173774,2020-10-17T17:38:28.8173774
"Ellipse",2442,68.749537023127,102.71996968549,142.72565365669,2020-10-17T17:38:28.8173774,2020-10-17T17:38:28.8173774
"Ellipse",2443,68.749537023127,117.99513290902,263.73156121303,2020-10-17T17:38:29.3088202,2020-10-17T17:38:29.3088202
"Ellipse",2443,68.749537023127,102.67980295567,142.79196665404,2020-10-17T17:38:29.3088202,2020-10-17T17:38:29.3088202
"Ellipse",2444,68.749537023127,118.00187195807,264.3654062149,2020-10-17T17:38:29.8072693,2020-10-17T17:38:29.8072693
"Ellipse",2444,68.749537023127,102.80712391057,142.97650625237,2020-10-17T17:38:29.8072693,2020-10-17T17:38:29.8072693
"Ellipse",2445,68.749537023127,118.31261699738,264.16323474354,2020-10-17T17:38:30.3177292,2020-10-17T17:38:30.3177292
"Ellipse",2445,68.749537023127,102.61500568397,142.75634710118,2020-10-17T17:38:30.3177292,2020-10-17T17:38:30.3177292
"Ellipse",2446,68.749537023127,118.24709846499,264.73380756271,2020-10-17T17:38:30.8141764,2020-10-17T17:38:30.8141764
"Ellipse",2446,68.749537023127,102.62296324365,143.29973474801,2020-10-17T17:38:30.8141764,2020-10-17T17:38:30.8141764
"Ellipse",2447,68.749537023127,118.19730438038,265.40247098465,2020-10-17T17:38:31.3096228,2020-10-17T17:38:31.3096228
"Ellipse",2447,68.749537023127,102.77870405457,142.68738158393,2020-10-17T17:38:31.3096228,2020-10-17T17:38:31.3096228
"Ellipse",2448,68.749537023127,118.10033695245,264.84275552228,2020-10-17T17:38:31.8080719,2020-10-17T17:38:31.8080719
"Ellipse",2448,68.749537023127,102.82341796135,142.78552482001,2020-10-17T17:38:31.8080719,2020-10-17T17:38:31.8080719
"Ellipse",2449,68.749537023127,118.0550355672,264.37064769749,2020-10-17T17:38:32.3085234,2020-10-17T17:38:32.3085234
"Ellipse",2449,68.749537023127,102.56839712012,142.76127320955,2020-10-17T17:38:32.3085234,2020-10-17T17:38:32.3085234
"Ellipse",2450,68.749537023127,117.87832272557,264.43317109697,2020-10-17T17:38:32.8079728,2020-10-17T17:38:32.8079728
"Ellipse",2450,68.749537023127,102.70253884047,143.3361121637,2020-10-17T17:38:32.8079728,2020-10-17T17:38:32.8079728
"Ellipse",2451,68.749537023127,118.3242231374,264.049419693,2020-10-17T17:38:33.3084237,2020-10-17T17:38:33.3084237
"Ellipse",2451,68.749537023127,102.64456233422,143.17392951876,2020-10-17T17:38:33.3084237,2020-10-17T17:38:33.3084237
"Ellipse",2452,68.749537023127,118.08348932984,263.82029202546,2020-10-17T17:38:33.8068727,2020-10-17T17:38:33.8068727
"Ellipse",2452,68.749537023127,102.7343690792,142.71314892005,2020-10-17T17:38:33.8068727,2020-10-17T17:38:33.8068727
"Ellipse",2453,68.749537023127,118.35904155747,263.55335080494,2020-10-17T17:38:34.3083245,2020-10-17T17:38:34.3083245
"Ellipse",2453,68.749537023127,102.66275104206,142.89352027283,2020-10-17T17:38:34.3083245,2020-10-17T17:38:34.3083245
"Ellipse",2454,68.749537023127,118.53238487458,263.66454511419,2020-10-17T17:38:34.8197882,2020-10-17T17:38:34.8197882
"Ellipse",2454,68.749537023127,102.81129215612,142.78628268283,2020-10-17T17:38:34.8197882,2020-10-17T17:38:34.8197882
"Ellipse",2455,68.749537023127,118.12055409959,263.72819168851,2020-10-17T17:38:35.3082254,2020-10-17T17:38:35.3082254
"Ellipse",2455,68.749537023127,102.76430466086,142.91852974612,2020-10-17T17:38:35.3082254,2020-10-17T17:38:35.3082254
"Ellipse",2456,68.749537023127,118.83114938225,263.84912017971,2020-10-17T17:38:35.8176844,2020-10-17T17:38:35.8176844
"Ellipse",2456,68.749537023127,102.7514209928,142.90375142099,2020-10-17T17:38:35.8176844,2020-10-17T17:38:35.8176844
"Ellipse",2457,68.749537023127,118.52489704231,263.67053538001,2020-10-17T17:38:36.3131311,2020-10-17T17:38:36.3131311
"Ellipse",2457,68.749537023127,102.62031072376,143.21371731717,2020-10-17T17:38:36.3131311,2020-10-17T17:38:36.3131311
"Ellipse",2458,68.749537023127,118.42605765631,263.74691126919,2020-10-17T17:38:36.8075763,2020-10-17T17:38:36.8075763
"Ellipse",2458,68.749537023127,102.65403561955,143.15574081091,2020-10-17T17:38:36.8075763,2020-10-17T17:38:36.8075763
"Ellipse",2459,68.749537023127,118.28865593411,263.7828528641,2020-10-17T17:38:37.3070263,2020-10-17T17:38:37.3070263
"Ellipse",2459,68.749537023127,102.70253884047,143.19931792346,2020-10-17T17:38:37.3070263,2020-10-17T17:38:37.3070263
"Ellipse",2460,68.749537023127,118.5110445526,263.87345563459,2020-10-17T17:38:37.8074771,2020-10-17T17:38:37.8074771
"Ellipse",2460,68.749537023127,102.81887078439,142.82000757863,2020-10-17T17:38:37.8074771,2020-10-17T17:38:37.8074771
"Ellipse",2461,68.749537023127,118.62935230251,263.2912766754,2020-10-17T17:38:38.3069271,2020-10-17T17:38:38.3069271
"Ellipse",2461,68.749537023127,102.78287230011,143.42061386889,2020-10-17T17:38:38.3069271,2020-10-17T17:38:38.3069271
"Ellipse",2462,68.749537023127,118.72894047173,263.76226132535,2020-10-17T17:38:38.8133834,2020-10-17T17:38:38.8133834
"Ellipse",2462,68.749537023127,102.8389541493,143.28003031451,2020-10-17T17:38:38.8133834,2020-10-17T17:38:38.8133834
"Ellipse",2463,68.749537023127,118.58966679146,263.39797828529,2020-10-17T17:38:39.3098310,2020-10-17T17:38:39.3098310
"Ellipse",2463,68.749537023127,102.75899962107,142.69533914362,2020-10-17T17:38:39.3098310,2020-10-17T17:38:39.3098310
"Ellipse",2464,68.749537023127,118.94346686634,265.4230625234,2020-10-17T17:38:39.8132846,2020-10-17T17:38:39.8132846
"Ellipse",2464,68.749537023127,102.66881394468,143.52595680182,2020-10-17T17:38:39.8132846,2020-10-17T17:38:39.8132846
"Ellipse",2465,68.749537023127,118.89517034818,266.02096593036,2020-10-17T17:38:40.3187397,2020-10-17T17:38:40.3187397
"Ellipse",2465,68.749537023127,102.62751042061,143.16710875332,2020-10-17T17:38:40.3187397,2020-10-17T17:38:40.3187397
"Ellipse",2466,68.749537023127,118.94384125796,265.52976413328,2020-10-17T17:38:40.8081807,2020-10-17T17:38:40.8081807
"Ellipse",2466,68.749537023127,102.61348995832,143.42212959454,2020-10-17T17:38:40.8081807,2020-10-17T17:38:40.8081807
"Ellipse",2467,68.749537023127,118.76563084987,265.57019842756,2020-10-17T17:38:41.3076306,2020-10-17T17:38:41.3076306
"Ellipse",2467,68.749537023127,102.67374005305,143.04888215233,2020-10-17T17:38:41.3076306,2020-10-17T17:38:41.3076306
"Ellipse",2468,68.749537023127,118.9943841258,266.86372145264,2020-10-17T17:38:41.8070806,2020-10-17T17:38:41.8070806
"Ellipse",2468,68.749537023127,102.78173550587,143.63357332323,2020-10-17T17:38:41.8070806,2020-10-17T17:38:41.8070806
"Ellipse",2469,68.749537023127,119.07749906402,267.33845001872,2020-10-17T17:38:42.3075315,2020-10-17T17:38:42.3075315
"Ellipse",2469,68.749537023127,102.6441834028,143.45964380447,2020-10-17T17:38:42.3075315,2020-10-17T17:38:42.3075315
"Ellipse",2470,68.749537023127,118.88056907525,267.60801198053,2020-10-17T17:38:42.8069815,2020-10-17T17:38:42.8069815
"Ellipse",2470,68.749537023127,102.60060629026,143.52292535051,2020-10-17T17:38:42.8069815,2020-10-17T17:38:42.8069815
"Ellipse",2471,68.749537023127,119.09771621116,267.78435043055,2020-10-17T17:38:43.3084333,2020-10-17T17:38:43.3084333
"Ellipse",2471,68.749537023127,102.82796513831,143.60515346722,2020-10-17T17:38:43.3084333,2020-10-17T17:38:43.3084333
"Ellipse",2472,68.749537023127,119.13403219768,267.46649195058,2020-10-17T17:38:43.8078833,2020-10-17T17:38:43.8078833
"Ellipse",2472,68.749537023127,102.93823417961,143.96627510421,2020-10-17T17:38:43.8078833,2020-10-17T17:38:43.8078833
"Ellipse",2473,68.749537023127,119.19730438038,265.87383002621,2020-10-17T17:38:44.3093351,2020-10-17T17:38:44.3093351
"Ellipse",2473,68.749537023127,102.67336112164,143.59302766199,2020-10-17T17:38:44.3093351,2020-10-17T17:38:44.3093351
"Ellipse",2474,68.749537023127,119.12804193186,265.97940846125,2020-10-17T17:38:44.8167926,2020-10-17T17:38:44.8167926
"Ellipse",2474,68.749537023127,102.77832512315,143.44865479348,2020-10-17T17:38:44.8167926,2020-10-17T17:38:44.8167926
"Ellipse",2475,68.749537023127,119.4889554474,266.11905653313,2020-10-17T17:38:45.3072341,2020-10-17T17:38:45.3072341
"Ellipse",2475,68.749537023127,102.66464569913,143.44448654794,2020-10-17T17:38:45.3072341,2020-10-17T17:38:45.3072341
"Ellipse",2476,68.749537023127,119.10557843504,262.09472107825,2020-10-17T17:38:45.8166931,2020-10-17T17:38:45.8166931
"Ellipse",2476,68.749537023127,102.6157635468,143.53732474422,2020-10-17T17:38:45.8166931,2020-10-17T17:38:45.8166931
"Ellipse",2477,68.749537023127,118.73979782853,262.30101085736,2020-10-17T17:38:46.3151422,2020-10-17T17:38:46.3151422
"Ellipse",2477,68.749537023127,102.75786282683,143.81887078439,2020-10-17T17:38:46.3151422,2020-10-17T17:38:46.3151422
"Ellipse",2478,68.749537023127,119.05952826657,261.69561961812,2020-10-17T17:38:46.8095877,2020-10-17T17:38:46.8095877
"Ellipse",2478,68.749537023127,102.68586585828,143.28912466844,2020-10-17T17:38:46.8095877,2020-10-17T17:38:46.8095877
"Ellipse",2479,68.749537023127,119.37813552976,264.19168850618,2020-10-17T17:38:47.3070359,2020-10-17T17:38:47.3070359
"Ellipse",2479,68.749537023127,102.74118984464,143.94391815082,2020-10-17T17:38:47.3070359,2020-10-17T17:38:47.3070359
"Ellipse",2480,68.749537023127,119.71209284912,265.02845376264,2020-10-17T17:38:47.8084877,2020-10-17T17:38:47.8084877
"Ellipse",2480,68.749537023127,102.90413035241,143.67374005305,2020-10-17T17:38:47.8084877,2020-10-17T17:38:47.8084877
"Ellipse",2481,68.749537023127,119.64507675028,264.29052789218,2020-10-17T17:38:48.3069367,2020-10-17T17:38:48.3069367
"Ellipse",2481,68.749537023127,102.69003410383,143.57862826828,2020-10-17T17:38:48.3069367,2020-10-17T17:38:48.3069367
"Ellipse",2482,68.749537023127,119.32609509547,264.18794459004,2020-10-17T17:38:48.8224015,2020-10-17T17:38:48.8224015
"Ellipse",2482,68.749537023127,102.88101553619,143.54262978401,2020-10-17T17:38:48.8224015,2020-10-17T17:38:48.8224015
"Ellipse",2483,68.749537023127,119.51591164358,263.29015350056,2020-10-17T17:38:49.3078385,2020-10-17T17:38:49.3078385
"Ellipse",2483,68.749537023127,102.84274346343,143.45358090186,2020-10-17T17:38:49.3078385,2020-10-17T17:38:49.3078385
"Ellipse",2484,68.749537023127,119.54885810558,263.04193186073,2020-10-17T17:38:49.8092903,2020-10-17T17:38:49.8092903
"Ellipse",2484,68.749537023127,102.75672603259,143.29405077681,2020-10-17T17:38:49.8092903,2020-10-17T17:38:49.8092903
"Ellipse",2485,68.749537023127,119.7143391988,263.83002620741,2020-10-17T17:38:50.3197502,2020-10-17T17:38:50.3197502
"Ellipse",2485,68.749537023127,102.68510799545,143.47025388405,2020-10-17T17:38:50.3197502,2020-10-17T17:38:50.3197502
"Ellipse",2486,68.749537023127,119.50879820292,263.4780980906,2020-10-17T17:38:50.8081903,2020-10-17T17:38:50.8081903
"Ellipse",2486,68.749537023127,102.83971201213,144.04319818113,2020-10-17T17:38:50.8081903,2020-10-17T17:38:50.8081903
"Ellipse",2487,68.749537023127,119.31074503931,261.9752901535,2020-10-17T17:38:51.3156475,2020-10-17T17:38:51.3156475
"Ellipse",2487,68.749537023127,102.79916635089,143.89048882152,2020-10-17T17:38:51.3156475,2020-10-17T17:38:51.3156475
"Ellipse",2488,68.749537023127,119.45451141894,262.83526769,2020-10-17T17:38:51.8160990,2020-10-17T17:38:51.8160990
"Ellipse",2488,68.749537023127,102.77908298598,143.46684350133,2020-10-17T17:38:51.8160990,2020-10-17T17:38:51.8160990
"Ellipse",2489,68.749537023127,119.4286783976,262.04080868589,2020-10-17T17:38:52.3095429,2020-10-17T17:38:52.3095429
"Ellipse",2489,68.749537023127,102.70822281167,144.08033345964,2020-10-17T17:38:52.3095429,2020-10-17T17:38:52.3095429
"Ellipse",2490,68.749537023127,119.42119056533,262.93972295021,2020-10-17T17:38:52.8079920,2020-10-17T17:38:52.8079920
"Ellipse",2490,68.749537023127,102.728685108,144.31868131868,2020-10-17T17:38:52.8079920,2020-10-17T17:38:52.8079920
"Ellipse",2491,68.749537023127,119.48221639835,262.88019468364,2020-10-17T17:38:53.3074420,2020-10-17T17:38:53.3074420
"Ellipse",2491,68.749537023127,102.56763925729,143.6354679803,2020-10-17T17:38:53.3074420,2020-10-17T17:38:53.3074420
"Ellipse",2492,68.749537023127,119.68513665294,263.02995132909,2020-10-17T17:38:53.8088938,2020-10-17T17:38:53.8088938
"Ellipse",2492,68.749537023127,102.8306176582,143.75255778704,2020-10-17T17:38:53.8088938,2020-10-17T17:38:53.8088938
"Ellipse",2493,68.749537023127,119.37476600524,262.54286783976,2020-10-17T17:38:54.3073429,2020-10-17T17:38:54.3073429
"Ellipse",2493,68.749537023127,102.52595680182,143.80106100796,2020-10-17T17:38:54.3073429,2020-10-17T17:38:54.3073429
"Ellipse",2494,68.749537023127,119.4204417821,262.3077499064,2020-10-17T17:38:54.8208055,2020-10-17T17:38:54.8208055
"Ellipse",2494,68.749537023127,102.91057218643,144.0424403183,2020-10-17T17:38:54.8208055,2020-10-17T17:38:54.8208055
"Ellipse",2495,68.749537023127,119.74653687757,262.08423811307,2020-10-17T17:38:55.3082447,2020-10-17T17:38:55.3082447
"Ellipse",2495,68.749537023127,102.71314892005,143.89958317545,2020-10-17T17:38:55.3082447,2020-10-17T17:38:55.3082447
"Ellipse",2496,68.749537023127,119.67652564583,262.56196181206,2020-10-17T17:38:55.8207067,2020-10-17T17:38:55.8207067
"Ellipse",2496,68.749537023127,102.77605153467,143.69079196665,2020-10-17T17:38:55.8207067,2020-10-17T17:38:55.8207067
"Ellipse",2497,68.749537023127,119.66941220517,261.18307749906,2020-10-17T17:38:56.3071446,2020-10-17T17:38:56.3071446
"Ellipse",2497,68.749537023127,102.58582796514,143.88366805608,2020-10-17T17:38:56.3071446,2020-10-17T17:38:56.3071446
"Ellipse",2498,68.749537023127,119.68101834519,261.66304754774,2020-10-17T17:38:56.8075955,2020-10-17T17:38:56.8075955
"Ellipse",2498,68.749537023127,102.60401667298,143.7146646457,2020-10-17T17:38:56.8075955,2020-10-17T17:38:56.8075955
"Ellipse",2499,68.749537023127,119.67914638712,261.92250093598,2020-10-17T17:38:57.3070455,2020-10-17T17:38:57.3070455
"Ellipse",2499,68.749537023127,102.76809397499,143.95225464191,2020-10-17T17:38:57.3070455,2020-10-17T17:38:57.3070455
"Ellipse",2500,68.749537023127,119.63309621865,261.03481842007,2020-10-17T17:38:57.8215093,2020-10-17T17:38:57.8215093
"Ellipse",2500,68.749537023127,102.64190981432,143.91663508905,2020-10-17T17:38:57.8215093,2020-10-17T17:38:57.8215093
"Ellipse",2501,68.749537023127,119.47435417447,261.04193186073,2020-10-17T17:38:58.3069464,2020-10-17T17:38:58.3069464
"Ellipse",2501,68.749537023127,102.62561576355,143.82417582418,2020-10-17T17:38:58.3069464,2020-10-17T17:38:58.3069464
"Ellipse",2502,68.749537023127,119.34518906777,260.20666417072,2020-10-17T17:38:58.8114009,2020-10-17T17:38:58.8114009
"Ellipse",2502,68.749537023127,102.7260325881,144.0170519136,2020-10-17T17:38:58.8114009,2020-10-17T17:38:58.8114009
"Ellipse",2503,68.749537023127,119.68363908648,261.12242605766,2020-10-17T17:38:59.3068472,2020-10-17T17:38:59.3068472
"Ellipse",2503,68.749537023127,102.75407351269,144.06062902615,2020-10-17T17:38:59.3068472,2020-10-17T17:38:59.3068472
"Ellipse",2504,68.749537023127,119.43504305504,260.59940097342,2020-10-17T17:38:59.8072981,2020-10-17T17:38:59.8072981
"Ellipse",2504,68.749537023127,102.7457370216,143.84729064039,2020-10-17T17:38:59.8072981,2020-10-17T17:38:59.8072981
"Ellipse",2505,68.749537023127,120.79324577861,261.49756097561,2020-10-17T17:39:00.3137541,2020-10-17T17:39:00.3137541
"Ellipse",2505,68.749537023127,102.63925729443,142.15498294809,2020-10-17T17:39:00.3137541,2020-10-17T17:39:00.3137541
"Ellipse",2506,68.749537023127,120.90243902439,263.92495309569,2020-10-17T17:39:00.8071990,2020-10-17T17:39:00.8071990
"Ellipse",2506,68.749537023127,102.60287987874,144.12732095491,2020-10-17T17:39:00.8071990,2020-10-17T17:39:00.8071990
"Ellipse",2507,68.749537023127,120.37260787993,264.50131332083,2020-10-17T17:39:01.3086508,2020-10-17T17:39:01.3086508
"Ellipse",2507,68.749537023127,102.59454338765,143.68851837817,2020-10-17T17:39:01.3086508,2020-10-17T17:39:01.3086508
"Ellipse",2508,68.749537023127,120.89343339587,264.11744840525,2020-10-17T17:39:01.8070999,2020-10-17T17:39:01.8070999
"Ellipse",2508,68.749537023127,102.72716938234,144.1610458507,2020-10-17T17:39:01.8070999,2020-10-17T17:39:01.8070999
"Ellipse",2509,68.749537023127,121.01876172608,264.46341463415,2020-10-17T17:39:02.3115544,2020-10-17T17:39:02.3115544
"Ellipse",2509,68.749537023127,102.86396362258,143.70291777188,2020-10-17T17:39:02.3115544,2020-10-17T17:39:02.3115544
"Ellipse",2510,68.749537023127,120.73358348968,264.3530956848,2020-10-17T17:39:02.8070007,2020-10-17T17:39:02.8070007
"Ellipse",2510,68.749537023127,102.90602500947,143.8616900341,2020-10-17T17:39:02.8070007,2020-10-17T17:39:02.8070007
"Ellipse",2511,68.749537023127,120.90994371482,264.63227016886,2020-10-17T17:39:03.3094534,2020-10-17T17:39:03.3094534
"Ellipse",2511,68.749537023127,102.59643804471,143.94467601364,2020-10-17T17:39:03.3094534,2020-10-17T17:39:03.3094534
"Ellipse",2512,68.749537023127,120.98273921201,264.5564727955,2020-10-17T17:39:03.8069016,2020-10-17T17:39:03.8069016
"Ellipse",2512,68.749537023127,102.81015536188,143.93103448276,2020-10-17T17:39:03.8069016,2020-10-17T17:39:03.8069016
"Ellipse",2513,68.749537023127,120.73621013133,263.65703564728,2020-10-17T17:39:04.3093543,2020-10-17T17:39:04.3093543
"Ellipse",2513,68.749537023127,102.68624478969,143.60553239864,2020-10-17T17:39:04.3093543,2020-10-17T17:39:04.3093543
"Ellipse",2514,68.749537023127,121.09643527205,264.47579737336,2020-10-17T17:39:04.8078034,2020-10-17T17:39:04.8078034
"Ellipse",2514,68.749537023127,102.64153088291,143.77491474043,2020-10-17T17:39:04.8078034,2020-10-17T17:39:04.8078034
"Ellipse",2515,68.749537023127,120.83114446529,265.03452157599,2020-10-17T17:39:05.3112570,2020-10-17T17:39:05.3112570
"Ellipse",2515,68.749537023127,102.73929518757,143.74118984464,2020-10-17T17:39:05.3112570,2020-10-17T17:39:05.3112570
"Ellipse",2516,68.749537023127,121.04577861163,265.52908067542,2020-10-17T17:39:05.8217172,2020-10-17T17:39:05.8217172
"Ellipse",2516,68.749537023127,102.73323228496,143.81470253884,2020-10-17T17:39:05.8217172,2020-10-17T17:39:05.8217172
"Ellipse",2517,68.749537023127,121.27767354597,265.30994371482,2020-10-17T17:39:06.3091561,2020-10-17T17:39:06.3091561
"Ellipse",2517,68.749537023127,102.78590375142,144.09435392194,2020-10-17T17:39:06.3091561,2020-10-17T17:39:06.3091561
"Ellipse",2518,68.749537023127,120.67054409006,265.27692307692,2020-10-17T17:39:06.8076051,2020-10-17T17:39:06.8076051
"Ellipse",2518,68.749537023127,102.74156877605,144.16635089049,2020-10-17T17:39:06.8076051,2020-10-17T17:39:06.8076051
"Ellipse",2519,68.749537023127,121.29230769231,265.09118198874,2020-10-17T17:39:07.3100582,2020-10-17T17:39:07.3100582
"Ellipse",2519,68.749537023127,102.77226222054,144.0056839712,2020-10-17T17:39:07.3100582,2020-10-17T17:39:07.3100582
"Ellipse",2520,68.749537023127,121.17598499062,265.55084427767,2020-10-17T17:39:07.8075060,2020-10-17T17:39:07.8075060
"Ellipse",2520,68.749537023127,102.91928760894,143.79840848806,2020-10-17T17:39:07.8075060,2020-10-17T17:39:07.8075060
"Ellipse",2521,68.749537023127,121.15009380863,265.00300187617,2020-10-17T17:39:08.3089578,2020-10-17T17:39:08.3089578
"Ellipse",2521,68.749537023127,102.79916635089,143.9208033346,2020-10-17T17:39:08.3089578,2020-10-17T17:39:08.3089578
"Ellipse",2522,68.749537023127,121.02814258912,264.88330206379,2020-10-17T17:39:08.8104096,2020-10-17T17:39:08.8104096
"Ellipse",2522,68.749537023127,102.69609700644,144.17392951876,2020-10-17T17:39:08.8104096,2020-10-17T17:39:08.8104096
"Ellipse",2523,68.749537023127,121.50131332083,264.43789868668,2020-10-17T17:39:09.3088587,2020-10-17T17:39:09.3088587
"Ellipse",2523,68.749537023127,102.84804850322,144.17014020462,2020-10-17T17:39:09.3088587,2020-10-17T17:39:09.3088587
"Ellipse",2524,68.749537023127,121.1756097561,265.31744840525,2020-10-17T17:39:09.8103105,2020-10-17T17:39:09.8103105
"Ellipse",2524,68.749537023127,102.59833270178,143.74460022736,2020-10-17T17:39:09.8103105,2020-10-17T17:39:09.8103105
"Ellipse",2525,68.749537023127,121.31594746717,264.77598499062,2020-10-17T17:39:10.3237731,2020-10-17T17:39:10.3237731
"Ellipse",2525,68.749537023127,102.64910951118,144.35278514589,2020-10-17T17:39:10.3237731,2020-10-17T17:39:10.3237731
"Ellipse",2526,68.749537023127,121.38273921201,264.52157598499,2020-10-17T17:39:10.8082095,2020-10-17T17:39:10.8082095
"Ellipse",2526,68.749537023127,102.67487684729,143.7684729064,2020-10-17T17:39:10.8082095,2020-10-17T17:39:10.8082095
"Ellipse",2527,68.749537023127,121.32908067542,263.90056285178,2020-10-17T17:39:11.3246748,2020-10-17T17:39:11.3246748
"Ellipse",2527,68.749537023127,102.67715043577,143.86282682834,2020-10-17T17:39:11.3246748,2020-10-17T17:39:11.3246748
"Ellipse",2528,68.749537023127,121.18874296435,264.10243902439,2020-10-17T17:39:11.8081104,2020-10-17T17:39:11.8081104
"Ellipse",2528,68.749537023127,102.60136415309,144.00947328534,2020-10-17T17:39:11.8081104,2020-10-17T17:39:11.8081104
"Ellipse",2529,68.749537023127,121.36397748593,264.45778611632,2020-10-17T17:39:12.3165688,2020-10-17T17:39:12.3165688
"Ellipse",2529,68.749537023127,102.85524820008,143.78552482001,2020-10-17T17:39:12.3165688,2020-10-17T17:39:12.3165688
"Ellipse",2530,68.749537023127,121.33320825516,263.73508442777,2020-10-17T17:39:12.8150176,2020-10-17T17:39:12.8150176
"Ellipse",2530,68.749537023127,102.83554376658,143.82379689276,2020-10-17T17:39:12.8150176,2020-10-17T17:39:12.8150176
"Ellipse",2531,68.749537023127,120.94559099437,263.85028142589,2020-10-17T17:39:13.3094631,2020-10-17T17:39:13.3094631
"Ellipse",2531,68.749537023127,102.94732853354,144.02728306177,2020-10-17T17:39:13.3094631,2020-10-17T17:39:13.3094631
"Ellipse",2532,68.749537023127,121.4105065666,264.0243902439,2020-10-17T17:39:13.8179212,2020-10-17T17:39:13.8179212
"Ellipse",2532,68.749537023127,102.78590375142,143.63774156878,2020-10-17T17:39:13.8179212,2020-10-17T17:39:13.8179212
"Ellipse",2533,68.749537023127,121.24390243902,263.98236397749,2020-10-17T17:39:14.3073625,2020-10-17T17:39:14.3073625
"Ellipse",2533,68.749537023127,102.68851837817,143.96551724138,2020-10-17T17:39:14.3073625,2020-10-17T17:39:14.3073625
"Ellipse",2534,68.749537023127,121.31031894934,263.84615384615,2020-10-17T17:39:14.8118166,2020-10-17T17:39:14.8118166
"Ellipse",2534,68.749537023127,102.8332701781,143.93103448276,2020-10-17T17:39:14.8118166,2020-10-17T17:39:14.8118166
"Ellipse",2535,68.749537023127,121.29681050657,263.68217636023,2020-10-17T17:39:15.3072630,2020-10-17T17:39:15.3072630
"Ellipse",2535,68.749537023127,102.89465706707,144.25009473285,2020-10-17T17:39:15.3072630,2020-10-17T17:39:15.3072630
"Ellipse",2536,68.749537023127,121.22889305816,263.83639774859,2020-10-17T17:39:15.8217265,2020-10-17T17:39:15.8217265
"Ellipse",2536,68.749537023127,102.50587343691,143.81205001895,2020-10-17T17:39:15.8217265,2020-10-17T17:39:15.8217265
"Ellipse",2537,68.749537023127,121.39587242026,263.92195121951,2020-10-17T17:39:16.3071639,2020-10-17T17:39:16.3071639
"Ellipse",2537,68.749537023127,102.83289124668,144.0253884047,2020-10-17T17:39:16.3071639,2020-10-17T17:39:16.3071639
"Ellipse",2538,68.749537023127,121.36285178236,263.45816135084,2020-10-17T17:39:16.8066129,2020-10-17T17:39:16.8066129
"Ellipse",2538,68.749537023127,102.90147783251,143.91966654036,2020-10-17T17:39:16.8066129,2020-10-17T17:39:16.8066129
"Ellipse",2539,68.749537023127,121.21125703565,263.02026266417,2020-10-17T17:39:17.3080657,2020-10-17T17:39:17.3080657
"Ellipse",2539,68.749537023127,102.74801061008,144.29708222812,2020-10-17T17:39:17.3080657,2020-10-17T17:39:17.3080657
"Ellipse",2540,68.749537023127,121.16998123827,263.06153846154,2020-10-17T17:39:17.8095174,2020-10-17T17:39:17.8095174
"Ellipse",2540,68.749537023127,102.78059871163,144.04926108374,2020-10-17T17:39:17.8095174,2020-10-17T17:39:17.8095174
"Ellipse",2541,68.749537023127,121.05440900563,262.74409005629,2020-10-17T17:39:18.3089674,2020-10-17T17:39:18.3089674
"Ellipse",2541,68.749537023127,102.61652140963,144.15877226222,2020-10-17T17:39:18.3089674,2020-10-17T17:39:18.3089674
"Ellipse",2542,68.749537023127,121.04090056285,263.11144465291,2020-10-17T17:39:18.8094183,2020-10-17T17:39:18.8094183
"Ellipse",2542,68.749537023127,102.82379689276,143.83971201213,2020-10-17T17:39:18.8094183,2020-10-17T17:39:18.8094183
"Ellipse",2543,68.749537023127,121.03602251407,263.29981238274,2020-10-17T17:39:19.3078674,2020-10-17T17:39:19.3078674
"Ellipse",2543,68.749537023127,102.66919287609,143.74725274725,2020-10-17T17:39:19.3078674,2020-10-17T17:39:19.3078674
"Ellipse",2544,68.749537023127,120.96097560976,262.89831144465,2020-10-17T17:39:19.8093192,2020-10-17T17:39:19.8093192
"Ellipse",2544,68.749537023127,102.72944297082,143.80712391057,2020-10-17T17:39:19.8093192,2020-10-17T17:39:19.8093192
"Ellipse",2545,68.749537023127,120.9320825516,262.92045028143,2020-10-17T17:39:20.3177773,2020-10-17T17:39:20.3177773
"Ellipse",2545,68.749537023127,102.79007199697,143.92610837438,2020-10-17T17:39:20.3177773,2020-10-17T17:39:20.3177773
"Ellipse",2546,68.749537023127,121.24052532833,262.63752345216,2020-10-17T17:39:20.8252345,2020-10-17T17:39:20.8252345
"Ellipse",2546,68.749537023127,102.61841606669,143.96703296703,2020-10-17T17:39:20.8252345,2020-10-17T17:39:20.8252345
"Ellipse",2547,68.749537023127,121.06003752345,262.89230769231,2020-10-17T17:39:21.3186791,2020-10-17T17:39:21.3186791
"Ellipse",2547,68.749537023127,102.78021978022,143.68245547556,2020-10-17T17:39:21.3186791,2020-10-17T17:39:21.3186791
"Ellipse",2548,68.749537023127,121.19399624766,261.69343339587,2020-10-17T17:39:21.8181290,2020-10-17T17:39:21.8181290
"Ellipse",2548,68.749537023127,102.80826070481,143.70860174309,2020-10-17T17:39:21.8181290,2020-10-17T17:39:21.8181290
"Ellipse",2549,68.749537023127,121.09455909944,262.18161350844,2020-10-17T17:39:22.3075700,2020-10-17T17:39:22.3075700
"Ellipse",2549,68.749537023127,102.79461917393,143.63736263736,2020-10-17T17:39:22.3075700,2020-10-17T17:39:22.3075700
"Ellipse",2550,68.749537023127,120.9287054409,261.36022514071,2020-10-17T17:39:22.8100227,2020-10-17T17:39:22.8100227
"Ellipse",2550,68.749537023127,102.72072754831,143.14285714286,2020-10-17T17:39:22.8100227,2020-10-17T17:39:22.8100227
"Ellipse",2551,68.749537023127,120.99887429644,261.07279549719,2020-10-17T17:39:23.3074709,2020-10-17T17:39:23.3074709
"Ellipse",2551,68.749537023127,102.51762031072,143.48957938613,2020-10-17T17:39:23.3074709,2020-10-17T17:39:23.3074709
"Ellipse",2552,68.749537023127,120.94559099437,261.85403377111,2020-10-17T17:39:23.8089227,2020-10-17T17:39:23.8089227
"Ellipse",2552,68.749537023127,102.55248200076,143.39901477833,2020-10-17T17:39:23.8089227,2020-10-17T17:39:23.8089227
"Ellipse",2553,68.749537023127,120.77823639775,260.92045028143,2020-10-17T17:39:24.3073718,2020-10-17T17:39:24.3073718
"Ellipse",2553,68.749537023127,102.58658582797,143.68851837817,2020-10-17T17:39:24.3073718,2020-10-17T17:39:24.3073718
"Ellipse",2554,68.749537023127,120.73020637899,259.49756097561,2020-10-17T17:39:24.8098244,2020-10-17T17:39:24.8098244
"Ellipse",2554,68.749537023127,102.5903751421,143.53164077302,2020-10-17T17:39:24.8098244,2020-10-17T17:39:24.8098244
"Ellipse",2555,68.749537023127,120.74146341463,259.06866791745,2020-10-17T17:39:25.3072726,2020-10-17T17:39:25.3072726
"Ellipse",2555,68.749537023127,102.55892383479,143.28760894278,2020-10-17T17:39:25.3072726,2020-10-17T17:39:25.3072726
"Ellipse",2556,68.749537023127,120.71744840525,259.39924953096,2020-10-17T17:39:25.8157307,2020-10-17T17:39:25.8157307
"Ellipse",2556,68.749537023127,102.65062523683,143.15877226222,2020-10-17T17:39:25.8157307,2020-10-17T17:39:25.8157307
"Ellipse",2557,68.749537023127,120.54859287054,259.76097560976,2020-10-17T17:39:26.3101762,2020-10-17T17:39:26.3101762
"Ellipse",2557,68.749537023127,102.7627889352,143.12580522925,2020-10-17T17:39:26.3101762,2020-10-17T17:39:26.3101762
"Ellipse",2558,68.749537023127,121.09681050657,262.01275797373,2020-10-17T17:39:26.8156316,2020-10-17T17:39:26.8156316
"Ellipse",2558,68.749537023127,102.68397120121,143.28419856006,2020-10-17T17:39:26.8156316,2020-10-17T17:39:26.8156316
"Ellipse",2559,68.749537023127,121.01200750469,261.51257035647,2020-10-17T17:39:27.3090765,2020-10-17T17:39:27.3090765
"Ellipse",2559,68.749537023127,102.57559681698,143.02235695339,2020-10-17T17:39:27.3090765,2020-10-17T17:39:27.3090765
"Ellipse",2560,68.749537023127,121.05403377111,262.95384615385,2020-10-17T17:39:27.8175352,2020-10-17T17:39:27.8175352
"Ellipse",2560,68.749537023127,102.80863963623,143.23304281925,2020-10-17T17:39:27.8175352,2020-10-17T17:39:27.8175352
"Ellipse",2561,68.749537023127,121.34634146342,264.60187617261,2020-10-17T17:39:28.3059743,2020-10-17T17:39:28.3059743
"Ellipse",2561,68.749537023127,102.62410003789,143.18681318681,2020-10-17T17:39:28.3059743,2020-10-17T17:39:28.3059743
"Ellipse",2562,68.749537023127,121.05478424015,264.12270168856,2020-10-17T17:39:28.8134319,2020-10-17T17:39:28.8134319
"Ellipse",2562,68.749537023127,102.73967411898,143.64494126563,2020-10-17T17:39:28.8134319,2020-10-17T17:39:28.8134319
"Ellipse",2563,68.749537023127,121.24427767355,264.28067542214,2020-10-17T17:39:29.3088779,2020-10-17T17:39:29.3088779
"Ellipse",2563,68.749537023127,102.61765820387,143.13338385752,2020-10-17T17:39:29.3088779,2020-10-17T17:39:29.3088779
"Ellipse",2564,68.749537023127,121.27767354597,264.73170731707,2020-10-17T17:39:29.8073270,2020-10-17T17:39:29.8073270
"Ellipse",2564,68.749537023127,102.6976127321,143.18794998105,2020-10-17T17:39:29.8073270,2020-10-17T17:39:29.8073270
"Ellipse",2565,68.749537023127,121.28818011257,264.49268292683,2020-10-17T17:39:30.3197890,2020-10-17T17:39:30.3197890
"Ellipse",2565,68.749537023127,102.6468359227,143.82417582418,2020-10-17T17:39:30.3197890,2020-10-17T17:39:30.3197890
"Ellipse",2566,68.749537023127,121.27767354597,264.6990619137,2020-10-17T17:39:30.8072279,2020-10-17T17:39:30.8072279
"Ellipse",2566,68.749537023127,102.80106100796,144.05683971201,2020-10-17T17:39:30.8072279,2020-10-17T17:39:30.8072279
"Ellipse",2567,68.749537023127,121.6105065666,264.61876172608,2020-10-17T17:39:31.3066779,2020-10-17T17:39:31.3066779
"Ellipse",2567,68.749537023127,102.62940507768,143.76923076923,2020-10-17T17:39:31.3066779,2020-10-17T17:39:31.3066779
"Ellipse",2568,68.749537023127,121.31407129456,264.39324577861,2020-10-17T17:39:31.8061278,2020-10-17T17:39:31.8061278
"Ellipse",2568,68.749537023127,102.72186434255,143.75672603259,2020-10-17T17:39:31.8061278,2020-10-17T17:39:31.8061278
"Ellipse",2569,68.749537023127,121.12645403377,263.63489681051,2020-10-17T17:39:32.3115836,2020-10-17T17:39:32.3115836
"Ellipse",2569,68.749537023127,102.6411519515,143.78325123153,2020-10-17T17:39:32.3115836,2020-10-17T17:39:32.3115836
"Ellipse",2570,68.749537023127,121.13658536585,264.2225140713,2020-10-17T17:39:32.8070296,2020-10-17T17:39:32.8070296
"Ellipse",2570,68.749537023127,102.80257673361,143.72375899962,2020-10-17T17:39:32.8070296,2020-10-17T17:39:32.8070296
"Ellipse",2571,68.749537023127,120.97898686679,264.00637898687,2020-10-17T17:39:33.3094823,2020-10-17T17:39:33.3094823
"Ellipse",2571,68.749537023127,102.5085259568,143.90337248958,2020-10-17T17:39:33.3094823,2020-10-17T17:39:33.3094823
"Ellipse",2572,68.749537023127,121.29981238274,264.07392120075,2020-10-17T17:39:33.8069305,2020-10-17T17:39:33.8069305
"Ellipse",2572,68.749537023127,102.72262220538,144.06366047745,2020-10-17T17:39:33.8069305,2020-10-17T17:39:33.8069305
"Ellipse",2573,68.749537023127,121.05666041276,264.13996247655,2020-10-17T17:39:34.3143877,2020-10-17T17:39:34.3143877
"Ellipse",2573,68.749537023127,102.89124668435,143.91133004926,2020-10-17T17:39:34.3143877,2020-10-17T17:39:34.3143877
"Ellipse",2574,68.749537023127,121.28855534709,263.88893058161,2020-10-17T17:39:34.8188422,2020-10-17T17:39:34.8188422
"Ellipse",2574,68.749537023127,102.76430466086,143.60250094733,2020-10-17T17:39:34.8188422,2020-10-17T17:39:34.8188422
"Ellipse",2575,68.749537023127,120.93996247655,263.42213883677,2020-10-17T17:39:35.3222958,2020-10-17T17:39:35.3222958
"Ellipse",2575,68.749537023127,102.63584691171,143.3531640773,2020-10-17T17:39:35.3222958,2020-10-17T17:39:35.3222958
"Ellipse",2576,68.749537023127,120.54446529081,263.27542213884,2020-10-17T17:39:35.8067322,2020-10-17T17:39:35.8067322
"Ellipse",2576,68.749537023127,102.82076544146,143.87760515347,2020-10-17T17:39:35.8067322,2020-10-17T17:39:35.8067322
"Ellipse",2577,68.749537023127,120.8243902439,262.46341463415,2020-10-17T17:39:36.3091849,2020-10-17T17:39:36.3091849
"Ellipse",2577,68.749537023127,102.55134520652,144.07010231148,2020-10-17T17:39:36.3091849,2020-10-17T17:39:36.3091849
"Ellipse",2578,68.749537023127,121.30619136961,263.84727954972,2020-10-17T17:39:36.8156412,2020-10-17T17:39:36.8156412
"Ellipse",2578,68.749537023127,102.76619931792,143.85638499432,2020-10-17T17:39:36.8156412,2020-10-17T17:39:36.8156412
"Ellipse",2579,68.749537023127,120.98348968105,261.75872420263,2020-10-17T17:39:37.3110876,2020-10-17T17:39:37.3110876
"Ellipse",2579,68.749537023127,102.75862068966,143.65971959075,2020-10-17T17:39:37.3110876,2020-10-17T17:39:37.3110876
"Ellipse",2580,68.749537023127,121.15909943715,263.44465290807,2020-10-17T17:39:37.8075349,2020-10-17T17:39:37.8075349
"Ellipse",2580,68.749537023127,102.95983327018,144.13755210307,2020-10-17T17:39:37.8075349,2020-10-17T17:39:37.8075349
"Ellipse",2581,68.749537023127,120.91369606004,262.44390243902,2020-10-17T17:39:38.3089867,2020-10-17T17:39:38.3089867
"Ellipse",2581,68.749537023127,102.6722243274,143.76506252368,2020-10-17T17:39:38.3089867,2020-10-17T17:39:38.3089867
"Ellipse",2582,68.749537023127,121.04502814259,262.22926829268,2020-10-17T17:39:38.8074358,2020-10-17T17:39:38.8074358
"Ellipse",2582,68.749537023127,102.79575596817,144.12807881773,2020-10-17T17:39:38.8074358,2020-10-17T17:39:38.8074358
"Ellipse",2583,68.749537023127,121.04240150094,262.10469043152,2020-10-17T17:39:39.3168944,2020-10-17T17:39:39.3168944
"Ellipse",2583,68.749537023127,102.82910193255,143.2258431224,2020-10-17T17:39:39.3168944,2020-10-17T17:39:39.3168944
"Ellipse",2584,68.749537023127,120.79699812383,262.2,2020-10-17T17:39:39.8063357,2020-10-17T17:39:39.8063357
"Ellipse",2584,68.749537023127,102.76241000379,143.48200075786,2020-10-17T17:39:39.8063357,2020-10-17T17:39:39.8063357
"Ellipse",2585,68.749537023127,121.10656660413,261.46153846154,2020-10-17T17:39:40.3187974,2020-10-17T17:39:40.3187974
"Ellipse",2585,68.749537023127,102.73323228496,143.62826828344,2020-10-17T17:39:40.3187974,2020-10-17T17:39:40.3187974
"Ellipse",2586,68.749537023127,121.01763602251,261.91707317073,2020-10-17T17:39:40.8062366,2020-10-17T17:39:40.8062366
"Ellipse",2586,68.749537023127,102.58620689655,143.63812050019,2020-10-17T17:39:40.8062366,2020-10-17T17:39:40.8062366
"Ellipse",2587,68.749537023127,120.70544090056,261.44052532833,2020-10-17T17:39:41.3166965,2020-10-17T17:39:41.3166965
"Ellipse",2587,68.749537023127,102.55627131489,143.97688518378,2020-10-17T17:39:41.3166965,2020-10-17T17:39:41.3166965
"Ellipse",2588,68.749537023127,120.98311444653,262.05253283302,2020-10-17T17:39:41.8071384,2020-10-17T17:39:41.8071384
"Ellipse",2588,68.749537023127,102.79878741948,143.40204622963,2020-10-17T17:39:41.8071384,2020-10-17T17:39:41.8071384
"Ellipse",2589,68.749537023127,120.81801125704,261.09868667917,2020-10-17T17:39:42.3085902,2020-10-17T17:39:42.3085902
"Ellipse",2589,68.749537023127,102.5395983327,143.34103827207,2020-10-17T17:39:42.3085902,2020-10-17T17:39:42.3085902
"Ellipse",2590,68.749537023127,120.97110694184,261.50656660413,2020-10-17T17:39:42.8060383,2020-10-17T17:39:42.8060383
"Ellipse",2590,68.749537023127,102.59075407351,143.8586585828,2020-10-17T17:39:42.8060383,2020-10-17T17:39:42.8060383
"Ellipse",2591,68.749537023127,120.93583489681,261.02889305816,2020-10-17T17:39:43.3094919,2020-10-17T17:39:43.3094919
"Ellipse",2591,68.749537023127,102.68245547556,143.72527472528,2020-10-17T17:39:43.3094919,2020-10-17T17:39:43.3094919
"Ellipse",2592,68.749537023127,120.79737335835,260.7703564728,2020-10-17T17:39:43.8059392,2020-10-17T17:39:43.8059392
"Ellipse",2592,68.749537023127,102.67715043577,143.62637362637,2020-10-17T17:39:43.8059392,2020-10-17T17:39:43.8059392
"Ellipse",2593,68.749537023127,120.96923076923,261.39437148218,2020-10-17T17:39:44.3073910,2020-10-17T17:39:44.3073910
"Ellipse",2593,68.749537023127,102.80106100796,143.42440318302,2020-10-17T17:39:44.3073910,2020-10-17T17:39:44.3073910
"Ellipse",2594,68.749537023127,120.68142589118,261.33696060038,2020-10-17T17:39:44.8098437,2020-10-17T17:39:44.8098437
"Ellipse",2594,68.749537023127,102.67715043577,143.79424024252,2020-10-17T17:39:44.8098437,2020-10-17T17:39:44.8098437
"Ellipse",2595,68.749537023127,120.69193245779,260.46454033771,2020-10-17T17:39:45.3072919,2020-10-17T17:39:45.3072919
"Ellipse",2595,68.749537023127,102.70519136036,143.59795377037,2020-10-17T17:39:45.3072919,2020-10-17T17:39:45.3072919
"Ellipse",2596,68.749537023127,120.97673545966,261.03076923077,2020-10-17T17:39:45.8167509,2020-10-17T17:39:45.8167509
"Ellipse",2596,68.749537023127,102.78097764305,143.71390678287,2020-10-17T17:39:45.8167509,2020-10-17T17:39:45.8167509
"Ellipse",2597,68.749537023127,120.85065666041,260.32157598499,2020-10-17T17:39:46.3071927,2020-10-17T17:39:46.3071927
"Ellipse",2597,68.749537023127,102.64873057977,142.82228116711,2020-10-17T17:39:46.3071927,2020-10-17T17:39:46.3071927
"Ellipse",2598,68.749537023127,120.79399624766,260.19174484053,2020-10-17T17:39:46.8116472,2020-10-17T17:39:46.8116472
"Ellipse",2598,68.749537023127,102.68321333839,143.10761652141,2020-10-17T17:39:46.8116472,2020-10-17T17:39:46.8116472
"Ellipse",2599,68.749537023127,120.90994371482,259.77861163227,2020-10-17T17:39:47.3090954,2020-10-17T17:39:47.3090954
"Ellipse",2599,68.749537023127,102.65593027662,143.30162940508,2020-10-17T17:39:47.3090954,2020-10-17T17:39:47.3090954
"Ellipse",2600,68.749537023127,120.7703564728,260.17185741088,2020-10-17T17:39:47.8095463,2020-10-17T17:39:47.8095463
"Ellipse",2600,68.749537023127,102.82000757863,143.28003031451,2020-10-17T17:39:47.8095463,2020-10-17T17:39:47.8095463
"Ellipse",2601,68.749537023127,120.87429643527,259.12495309569,2020-10-17T17:39:48.3069945,2020-10-17T17:39:48.3069945
"Ellipse",2601,68.749537023127,102.82985979538,143.5422508526,2020-10-17T17:39:48.3069945,2020-10-17T17:39:48.3069945
"Ellipse",2602,68.749537023127,120.8469043152,259.90994371482,2020-10-17T17:39:48.8114493,2020-10-17T17:39:48.8114493
"Ellipse",2602,68.749537023127,102.7908298598,143.37514209928,2020-10-17T17:39:48.8114493,2020-10-17T17:39:48.8114493
"Ellipse",2603,68.749537023127,120.97898686679,260.26866791745,2020-10-17T17:39:49.3078963,2020-10-17T17:39:49.3078963
"Ellipse",2603,68.749537023127,102.76127320955,143.43198181129,2020-10-17T17:39:49.3078963,2020-10-17T17:39:49.3078963
"Ellipse",2604,68.749537023127,120.8,260.35834896811,2020-10-17T17:39:49.8153535,2020-10-17T17:39:49.8153535
"Ellipse",2604,68.749537023127,102.72451686245,143.23645320197,2020-10-17T17:39:49.8153535,2020-10-17T17:39:49.8153535
"Ellipse",2605,68.749537023127,120.68667917448,259.94333958724,2020-10-17T17:39:50.3097996,2020-10-17T17:39:50.3097996
"Ellipse",2605,68.749537023127,102.68131868132,143.26790450928,2020-10-17T17:39:50.3097996,2020-10-17T17:39:50.3097996
"Ellipse",2606,68.749537023127,120.8660412758,261.1181988743,2020-10-17T17:39:50.8172558,2020-10-17T17:39:50.8172558
"Ellipse",2606,68.749537023127,102.85562713149,143.7881773399,2020-10-17T17:39:50.8172558,2020-10-17T17:39:50.8172558
"Ellipse",2607,68.749537023127,120.43039399625,261.73245778612,2020-10-17T17:39:51.3227115,2020-10-17T17:39:51.3227115
"Ellipse",2607,68.749537023127,102.75862068966,143.72906403941,2020-10-17T17:39:51.3227115,2020-10-17T17:39:51.3227115
"Ellipse",2608,68.749537023127,120.64240150094,260.52232645403,2020-10-17T17:39:51.8091501,2020-10-17T17:39:51.8091501
"Ellipse",2608,68.749537023127,102.83933308071,143.51951496779,2020-10-17T17:39:51.8091501,2020-10-17T17:39:51.8091501
"Ellipse",2609,68.749537023127,120.77823639775,260.79924953096,2020-10-17T17:39:52.3086059,2020-10-17T17:39:52.3086059
"Ellipse",2609,68.749537023127,102.73550587344,143.54338764684,2020-10-17T17:39:52.3086059,2020-10-17T17:39:52.3086059
"Ellipse",2610,68.749537023127,120.93883677298,259.7234521576,2020-10-17T17:39:52.8070489,2020-10-17T17:39:52.8070489
"Ellipse",2610,68.749537023127,102.72148541114,143.35657446002,2020-10-17T17:39:52.8070489,2020-10-17T17:39:52.8070489
"Ellipse",2611,68.749537023127,120.67054409006,259.85778611632,2020-10-17T17:39:53.3074998,2020-10-17T17:39:53.3074998
"Ellipse",2611,68.749537023127,102.71921182266,143.39143615006,2020-10-17T17:39:53.3074998,2020-10-17T17:39:53.3074998
"Ellipse",2612,68.749537023127,120.74371482176,259.25440900563,2020-10-17T17:39:53.8069497,2020-10-17T17:39:53.8069497
"Ellipse",2612,68.749537023127,102.73209549072,143.37362637363,2020-10-17T17:39:53.8069497,2020-10-17T17:39:53.8069497
"Ellipse",2613,68.749537023127,120.64840525328,259.80112570357,2020-10-17T17:39:54.3134060,2020-10-17T17:39:54.3134060
"Ellipse",2613,68.749537023127,102.55854490337,143.23266388784,2020-10-17T17:39:54.3134060,2020-10-17T17:39:54.3134060
"Ellipse",2614,68.749537023127,120.45065666041,259.31744840525,2020-10-17T17:39:54.8078515,2020-10-17T17:39:54.8078515
"Ellipse",2614,68.749537023127,102.8389541493,143.55702917772,2020-10-17T17:39:54.8078515,2020-10-17T17:39:54.8078515
"Ellipse",2615,68.749537023127,121.02664165103,259.22101313321,2020-10-17T17:39:55.3073015,2020-10-17T17:39:55.3073015
"Ellipse",2615,68.749537023127,102.7711254263,143.68056081849,2020-10-17T17:39:55.3073015,2020-10-17T17:39:55.3073015
"Ellipse",2616,68.749537023127,120.84427767355,259.03639774859,2020-10-17T17:39:55.8157596,2020-10-17T17:39:55.8157596
"Ellipse",2616,68.749537023127,102.56347101175,144.11102690413,2020-10-17T17:39:55.8157596,2020-10-17T17:39:55.8157596
"Ellipse",2617,68.749537023127,120.60938086304,259.90806754221,2020-10-17T17:39:56.3102051,2020-10-17T17:39:56.3102051
"Ellipse",2617,68.749537023127,102.55854490337,143.91852974612,2020-10-17T17:39:56.3102051,2020-10-17T17:39:56.3102051
"Ellipse",2618,68.749537023127,120.68555347092,259.68442776736,2020-10-17T17:39:56.8166617,2020-10-17T17:39:56.8166617
"Ellipse",2618,68.749537023127,102.85221674877,143.67449791588,2020-10-17T17:39:56.8166617,2020-10-17T17:39:56.8166617
"Ellipse",2619,68.749537023127,120.64803001876,259.49868667918,2020-10-17T17:39:57.3111110,2020-10-17T17:39:57.3111110
"Ellipse",2619,68.749537023127,102.67601364153,143.46494884426,2020-10-17T17:39:57.3111110,2020-10-17T17:39:57.3111110
"Ellipse",2620,68.749537023127,120.62926829268,259.31294559099,2020-10-17T17:39:57.8075541,2020-10-17T17:39:57.8075541
"Ellipse",2620,68.749537023127,102.57673361122,143.72300113679,2020-10-17T17:39:57.8075541,2020-10-17T17:39:57.8075541
"Ellipse",2621,68.749537023127,120.5722326454,258.53433395872,2020-10-17T17:39:58.3080050,2020-10-17T17:39:58.3080050
"Ellipse",2621,68.749537023127,102.8332701781,143.69912845775,2020-10-17T17:39:58.3080050,2020-10-17T17:39:58.3080050
"Ellipse",2622,68.749537023127,120.6626641651,257.80900562852,2020-10-17T17:39:58.8074601,2020-10-17T17:39:58.8074601
"Ellipse",2622,68.749537023127,102.70367563471,143.69306555514,2020-10-17T17:39:58.8074601,2020-10-17T17:39:58.8074601
"Ellipse",2623,68.749537023127,122.09545115585,262.23601789709,2020-10-17T17:39:59.3089068,2020-10-17T17:39:59.3089068
"Ellipse",2623,68.749537023127,102.67942402425,143.4406972338,2020-10-17T17:39:59.3089068,2020-10-17T17:39:59.3089068
"Ellipse",2624,68.749537023127,121.95115585384,262.01006711409,2020-10-17T17:39:59.8073559,2020-10-17T17:39:59.8073559
"Ellipse",2624,68.749537023127,102.83971201213,143.59871163319,2020-10-17T17:39:59.8073559,2020-10-17T17:39:59.8073559
"Ellipse",2625,68.749537023127,122.1428038777,262.2192393736,2020-10-17T17:40:00.3138122,2020-10-17T17:40:00.3138122
"Ellipse",2625,68.749537023127,102.80826070481,143.67942402425,2020-10-17T17:40:00.3138122,2020-10-17T17:40:00.3138122
"Ellipse",2626,68.749537023127,121.92281879195,261.83258762118,2020-10-17T17:40:00.8072567,2020-10-17T17:40:00.8072567
"Ellipse",2626,68.749537023127,102.6835922698,143.71542250853,2020-10-17T17:40:00.8072567,2020-10-17T17:40:00.8072567
"Ellipse",2627,68.749537023127,121.84004474273,262.24571215511,2020-10-17T17:40:01.3197185,2020-10-17T17:40:01.3197185
"Ellipse",2627,68.749537023127,102.65214096249,143.77756726033,2020-10-17T17:40:01.3197185,2020-10-17T17:40:01.3197185
"Ellipse",2628,68.749537023127,121.97203579418,263.01603281134,2020-10-17T17:40:01.8071576,2020-10-17T17:40:01.8071576
"Ellipse",2628,68.749537023127,102.67942402425,143.63092080334,2020-10-17T17:40:01.8071576,2020-10-17T17:40:01.8071576
"Ellipse",2629,68.749537023127,121.98135719612,262.45041014169,2020-10-17T17:40:02.3086094,2020-10-17T17:40:02.3086094
"Ellipse",2629,68.749537023127,102.76013641531,143.87912087912,2020-10-17T17:40:02.3086094,2020-10-17T17:40:02.3086094
"Ellipse",2630,68.749537023127,122.04399701715,261.77330350485,2020-10-17T17:40:02.8070585,2020-10-17T17:40:02.8070585
"Ellipse",2630,68.749537023127,102.74497915877,143.91360363774,2020-10-17T17:40:02.8070585,2020-10-17T17:40:02.8070585
"Ellipse",2631,68.749537023127,121.78970917226,262.182699478,2020-10-17T17:40:03.3075094,2020-10-17T17:40:03.3075094
"Ellipse",2631,68.749537023127,102.71011746874,144.07313376279,2020-10-17T17:40:03.3075094,2020-10-17T17:40:03.3075094
"Ellipse",2632,68.749537023127,121.90007457122,262.0298284862,2020-10-17T17:40:03.8149666,2020-10-17T17:40:03.8149666
"Ellipse",2632,68.749537023127,102.72110647973,143.31451307313,2020-10-17T17:40:03.8149666,2020-10-17T17:40:03.8149666
"Ellipse",2633,68.749537023127,122.16405667412,261.70469798658,2020-10-17T17:40:04.3074103,2020-10-17T17:40:04.3074103
"Ellipse",2633,68.749537023127,102.68662372111,143.45433876468,2020-10-17T17:40:04.3074103,2020-10-17T17:40:04.3074103
"Ellipse",2634,68.749537023127,121.90492170022,262.01640566741,2020-10-17T17:40:04.8078611,2020-10-17T17:40:04.8078611
"Ellipse",2634,68.749537023127,102.65858279651,143.44865479348,2020-10-17T17:40:04.8078611,2020-10-17T17:40:04.8078611
"Ellipse",2635,68.749537023127,122.08575689784,262.20357941835,2020-10-17T17:40:05.3073111,2020-10-17T17:40:05.3073111
"Ellipse",2635,68.749537023127,102.73057976506,143.40773020083,2020-10-17T17:40:05.3073111,2020-10-17T17:40:05.3073111
"Ellipse",2636,68.749537023127,121.98098434005,261.61670395227,2020-10-17T17:40:05.8207737,2020-10-17T17:40:05.8207737
"Ellipse",2636,68.749537023127,102.61462675256,143.60363774157,2020-10-17T17:40:05.8207737,2020-10-17T17:40:05.8207737
"Ellipse",2637,68.749537023127,121.86763609247,260.96905294556,2020-10-17T17:40:06.3072120,2020-10-17T17:40:06.3072120
"Ellipse",2637,68.749537023127,102.86547934824,143.35051155741,2020-10-17T17:40:06.3072120,2020-10-17T17:40:06.3072120
"Ellipse",2638,68.749537023127,121.74310216257,261.40902311708,2020-10-17T17:40:06.8246782,2020-10-17T17:40:06.8246782
"Ellipse",2638,68.749537023127,102.69533914362,143.36187949981,2020-10-17T17:40:06.8246782,2020-10-17T17:40:06.8246782
"Ellipse",2639,68.749537023127,121.68530947054,261.32624906786,2020-10-17T17:40:07.3071129,2020-10-17T17:40:07.3071129
"Ellipse",2639,68.749537023127,102.66995073892,143.56877605154,2020-10-17T17:40:07.3071129,2020-10-17T17:40:07.3071129
"Ellipse",2640,68.749537023127,122.11409395973,262.15137956749,2020-10-17T17:40:07.8095656,2020-10-17T17:40:07.8095656
"Ellipse",2640,68.749537023127,102.73323228496,143.50890488822,2020-10-17T17:40:07.8095656,2020-10-17T17:40:07.8095656
"Ellipse",2641,68.749537023127,122.03131991052,260.64914243102,2020-10-17T17:40:08.3070137,2020-10-17T17:40:08.3070137
"Ellipse",2641,68.749537023127,102.64532019704,143.4914740432,2020-10-17T17:40:08.3070137,2020-10-17T17:40:08.3070137
"Ellipse",2642,68.749537023127,121.91871737509,261.23005219985,2020-10-17T17:40:08.8104673,2020-10-17T17:40:08.8104673
"Ellipse",2642,68.749537023127,102.80560818492,143.54755589238,2020-10-17T17:40:08.8104673,2020-10-17T17:40:08.8104673
"Ellipse",2643,68.749537023127,121.82438478747,260.83929903057,2020-10-17T17:40:09.3069146,2020-10-17T17:40:09.3069146
"Ellipse",2643,68.749537023127,102.72982190224,143.59151193634,2020-10-17T17:40:09.3069146,2020-10-17T17:40:09.3069146
"Ellipse",2644,68.749537023127,122.09694258016,261.20171513796,2020-10-17T17:40:09.8133709,2020-10-17T17:40:09.8133709
"Ellipse",2644,68.749537023127,102.64986737401,143.32019704434,2020-10-17T17:40:09.8133709,2020-10-17T17:40:09.8133709
"Ellipse",2645,68.749537023127,122.10253542133,261.22520507084,2020-10-17T17:40:10.3088176,2020-10-17T17:40:10.3088176
"Ellipse",2645,68.749537023127,102.80712391057,143.78931413414,2020-10-17T17:40:10.3088176,2020-10-17T17:40:10.3088176
"Ellipse",2646,68.749537023127,122.10253542133,261.06114839672,2020-10-17T17:40:10.8153326,2020-10-17T17:40:10.8153326
"Ellipse",2646,68.749537023127,102.65024630542,143.70519136036,2020-10-17T17:40:10.8153326,2020-10-17T17:40:10.8153326
"Ellipse",2647,68.749537023127,121.99254287845,260.46607009694,2020-10-17T17:40:11.3207851,2020-10-17T17:40:11.3207851
"Ellipse",2647,68.749537023127,102.76657824934,143.38347859038,2020-10-17T17:40:11.3207851,2020-10-17T17:40:11.3207851
"Ellipse",2648,68.749537023127,121.99030574198,260.96271439225,2020-10-17T17:40:11.8082243,2020-10-17T17:40:11.8082243
"Ellipse",2648,68.749537023127,102.68018188708,143.25539977264,2020-10-17T17:40:11.8082243,2020-10-17T17:40:11.8082243
"Ellipse",2649,68.749537023127,121.89560029829,260.04623415362,2020-10-17T17:40:12.3066734,2020-10-17T17:40:12.3066734
"Ellipse",2649,68.749537023127,102.81546040167,143.5111784767,2020-10-17T17:40:12.3066734,2020-10-17T17:40:12.3066734
"Ellipse",2650,68.749537023127,122.11185682327,260.63646532439,2020-10-17T17:40:12.8071239,2020-10-17T17:40:12.8071239
"Ellipse",2650,68.749537023127,102.57218643426,143.48086396362,2020-10-17T17:40:12.8071239,2020-10-17T17:40:12.8071239
"Ellipse",2651,68.749537023127,121.92281879195,260.15659955257,2020-10-17T17:40:13.3075751,2020-10-17T17:40:13.3075751
"Ellipse",2651,68.749537023127,102.70822281167,143.14361500568,2020-10-17T17:40:13.3075751,2020-10-17T17:40:13.3075751
"Ellipse",2652,68.749537023127,121.97874720358,260.68158090977,2020-10-17T17:40:13.8060245,2020-10-17T17:40:13.8060245
"Ellipse",2652,68.749537023127,102.62940507768,143.10306934445,2020-10-17T17:40:13.8060245,2020-10-17T17:40:13.8060245
"Ellipse",2653,68.749537023127,121.77926920209,259.91610738255,2020-10-17T17:40:14.3124805,2020-10-17T17:40:14.3124805
"Ellipse",2653,68.749537023127,102.69799166351,143.44372868511,2020-10-17T17:40:14.3124805,2020-10-17T17:40:14.3124805
"Ellipse",2654,68.749537023127,121.98918717375,260.30984340045,2020-10-17T17:40:14.8069260,2020-10-17T17:40:14.8069260
"Ellipse",2654,68.749537023127,102.59264873058,143.53088291019,2020-10-17T17:40:14.8069260,2020-10-17T17:40:14.8069260
"Ellipse",2655,68.749537023127,121.87061894109,260.26547352722,2020-10-17T17:40:15.3063760,2020-10-17T17:40:15.3063760
"Ellipse",2655,68.749537023127,102.79916635089,143.32284956423,2020-10-17T17:40:15.3063760,2020-10-17T17:40:15.3063760
"Ellipse",2656,68.749537023127,122.12527964206,260.19985085757,2020-10-17T17:40:15.8078281,2020-10-17T17:40:15.8078281
"Ellipse",2656,68.749537023127,102.73512694202,143.15346722243,2020-10-17T17:40:15.8078281,2020-10-17T17:40:15.8078281
"Ellipse",2657,68.749537023127,121.52721849366,260.25167785235,2020-10-17T17:40:16.3092799,2020-10-17T17:40:16.3092799
"Ellipse",2657,68.749537023127,102.54111405836,143.48806366048,2020-10-17T17:40:16.3092799,2020-10-17T17:40:16.3092799
"Ellipse",2658,68.749537023127,122.00223713647,259.89299030574,2020-10-17T17:40:16.8207404,2020-10-17T17:40:16.8207404
"Ellipse",2658,68.749537023127,102.74194770747,143.28154604017,2020-10-17T17:40:16.8207404,2020-10-17T17:40:16.8207404
"Ellipse",2659,68.749537023127,121.82289336316,260.22669649515,2020-10-17T17:40:17.3101813,2020-10-17T17:40:17.3101813
"Ellipse",2659,68.749537023127,102.75066312997,143.54187192118,2020-10-17T17:40:17.3101813,2020-10-17T17:40:17.3101813
"Ellipse",2660,68.749537023127,122.0067114094,259.50932140194,2020-10-17T17:40:17.8156367,2020-10-17T17:40:17.8156367
"Ellipse",2660,68.749537023127,102.73057976506,143.32739674119,2020-10-17T17:40:17.8156367,2020-10-17T17:40:17.8156367
"Ellipse",2661,68.749537023127,122.00223713647,259.77367636093,2020-10-17T17:40:18.3110831,2020-10-17T17:40:18.3110831
"Ellipse",2661,68.749537023127,102.78476695718,143.42402425161,2020-10-17T17:40:18.3110831,2020-10-17T17:40:18.3110831
"Ellipse",2662,68.749537023127,121.93773303505,259.23266219239,2020-10-17T17:40:18.8065295,2020-10-17T17:40:18.8065295
"Ellipse",2662,68.749537023127,102.81508147025,143.67374005305,2020-10-17T17:40:18.8065295,2020-10-17T17:40:18.8065295
"Ellipse",2663,68.749537023127,121.97576435496,260.34862043251,2020-10-17T17:40:19.3089822,2020-10-17T17:40:19.3089822
"Ellipse",2663,68.749537023127,102.78287230011,143.03258810155,2020-10-17T17:40:19.3089822,2020-10-17T17:40:19.3089822
"Ellipse",2664,68.749537023127,122.0797912006,259.31208053691,2020-10-17T17:40:19.8074313,2020-10-17T17:40:19.8074313
"Ellipse",2664,68.749537023127,102.63812050019,143.59492231906,2020-10-17T17:40:19.8074313,2020-10-17T17:40:19.8074313
"Ellipse",2665,68.749537023127,121.77516778524,259.45115585384,2020-10-17T17:40:20.3088834,2020-10-17T17:40:20.3088834
"Ellipse",2665,68.749537023127,102.64228874574,143.37059492232,2020-10-17T17:40:20.3088834,2020-10-17T17:40:20.3088834
"Ellipse",2666,68.749537023127,122.1196868009,259.40156599553,2020-10-17T17:40:20.8073321,2020-10-17T17:40:20.8073321
"Ellipse",2666,68.749537023127,102.77756726033,143.55134520652,2020-10-17T17:40:20.8073321,2020-10-17T17:40:20.8073321
"Ellipse",2667,68.749537023127,121.89261744966,259.20320656227,2020-10-17T17:40:21.3237975,2020-10-17T17:40:21.3237975
"Ellipse",2667,68.749537023127,102.63054187192,143.31110269041,2020-10-17T17:40:21.3237975,2020-10-17T17:40:21.3237975
"Ellipse",2668,68.749537023127,121.98545861298,259.48806860552,2020-10-17T17:40:21.8202444,2020-10-17T17:40:21.8202444
"Ellipse",2668,68.749537023127,102.68056081849,143.8078817734,2020-10-17T17:40:21.8202444,2020-10-17T17:40:21.8202444
"Ellipse",2669,68.749537023127,121.68642803878,258.94258016406,2020-10-17T17:40:22.3116875,2020-10-17T17:40:22.3116875
"Ellipse",2669,68.749537023127,102.86244789693,143.50359984843,2020-10-17T17:40:22.3116875,2020-10-17T17:40:22.3116875
"Ellipse",2670,68.749537023127,121.8504847129,259.86726323639,2020-10-17T17:40:22.8071339,2020-10-17T17:40:22.8071339
"Ellipse",2670,68.749537023127,102.82228116711,142.96741189845,2020-10-17T17:40:22.8071339,2020-10-17T17:40:22.8071339
"Ellipse",2671,68.749537023127,121.68008948546,259.49552572707,2020-10-17T17:40:23.3075848,2020-10-17T17:40:23.3075848
"Ellipse",2671,68.749537023127,102.61727927245,143.43008715423,2020-10-17T17:40:23.3075848,2020-10-17T17:40:23.3075848
"Ellipse",2672,68.749537023127,121.9336316182,258.84265473527,2020-10-17T17:40:23.8060339,2020-10-17T17:40:23.8060339
"Ellipse",2672,68.749537023127,102.64456233422,143.33004926108,2020-10-17T17:40:23.8060339,2020-10-17T17:40:23.8060339
"Ellipse",2673,68.749537023127,121.68642803878,258.56450410142,2020-10-17T17:40:24.3074853,2020-10-17T17:40:24.3074853
"Ellipse",2673,68.749537023127,102.59757483895,143.37514209928,2020-10-17T17:40:24.3074853,2020-10-17T17:40:24.3074853
"Ellipse",2674,68.749537023127,121.98396718867,259.11073825503,2020-10-17T17:40:24.8069356,2020-10-17T17:40:24.8069356
"Ellipse",2674,68.749537023127,102.80257673361,143.74422129595,2020-10-17T17:40:24.8069356,2020-10-17T17:40:24.8069356
"Ellipse",2675,68.749537023127,121.5548098434,258.53020134228,2020-10-17T17:40:25.3063856,2020-10-17T17:40:25.3063856
"Ellipse",2675,68.749537023127,102.65896172793,143.14475179992,2020-10-17T17:40:25.3063856,2020-10-17T17:40:25.3063856
"Ellipse",2676,68.749537023127,121.75689783744,258.73601789709,2020-10-17T17:40:25.8128416,2020-10-17T17:40:25.8128416
"Ellipse",2676,68.749537023127,102.81015536188,143.04850322092,2020-10-17T17:40:25.8128416,2020-10-17T17:40:25.8128416
"Ellipse",2677,68.749537023127,121.68158090977,258.591349739,2020-10-17T17:40:26.3072874,2020-10-17T17:40:26.3072874
"Ellipse",2677,68.749537023127,102.89958317545,143.02197802198,2020-10-17T17:40:26.3072874,2020-10-17T17:40:26.3072874
"Ellipse",2678,68.749537023127,122.01416853095,258.48023862789,2020-10-17T17:40:26.8127428,2020-10-17T17:40:26.8127428
"Ellipse",2678,68.749537023127,102.67677150436,143.30920803335,2020-10-17T17:40:26.8127428,2020-10-17T17:40:26.8127428
"Ellipse",2679,68.749537023127,121.62714392245,258.60700969426,2020-10-17T17:40:27.3181985,2020-10-17T17:40:27.3181985
"Ellipse",2679,68.749537023127,102.70708601743,143.10989010989,2020-10-17T17:40:27.3181985,2020-10-17T17:40:27.3181985
"Ellipse",2680,68.749537023127,121.75316927666,258.61521252796,2020-10-17T17:40:27.8136442,2020-10-17T17:40:27.8136442
"Ellipse",2680,68.749537023127,102.57824933687,143.28836680561,2020-10-17T17:40:27.8136442,2020-10-17T17:40:27.8136442
"Ellipse",2681,68.749537023127,121.81021625653,257.74161073826,2020-10-17T17:40:28.3060882,2020-10-17T17:40:28.3060882
"Ellipse",2681,68.749537023127,102.6411519515,143.46456991285,2020-10-17T17:40:28.3060882,2020-10-17T17:40:28.3060882
"Ellipse",2682,68.749537023127,121.62565249814,259.13907531693,2020-10-17T17:40:28.8105427,2020-10-17T17:40:28.8105427
"Ellipse",2682,68.749537023127,102.86131110269,143.12959454339,2020-10-17T17:40:28.8105427,2020-10-17T17:40:28.8105427
"Ellipse",2683,68.749537023127,121.59656972409,258.04623415362,2020-10-17T17:40:29.3069900,2020-10-17T17:40:29.3069900
"Ellipse",2683,68.749537023127,102.69723380068,143.40583554377,2020-10-17T17:40:29.3069900,2020-10-17T17:40:29.3069900
"Ellipse",2684,68.749537023127,121.57046979866,257.31096196868,2020-10-17T17:40:29.8124454,2020-10-17T17:40:29.8124454
"Ellipse",2684,68.749537023127,102.72641151952,143.04357711254,2020-10-17T17:40:29.8124454,2020-10-17T17:40:29.8124454
"Ellipse",2685,68.749537023127,121.42058165548,257.75316927666,2020-10-17T17:40:30.3088920,2020-10-17T17:40:30.3088920
"Ellipse",2685,68.749537023127,102.5339143615,143.08866995074,2020-10-17T17:40:30.3088920,2020-10-17T17:40:30.3088920
"Ellipse",2686,68.749537023127,121.77665920955,257.32774049217,2020-10-17T17:40:30.8163496,2020-10-17T17:40:30.8163496
"Ellipse",2686,68.749537023127,102.6779082986,143.15460401667,2020-10-17T17:40:30.8163496,2020-10-17T17:40:30.8163496
"Ellipse",2687,68.749537023127,121.52945563013,257.41834451902,2020-10-17T17:40:31.3097945,2020-10-17T17:40:31.3097945
"Ellipse",2687,68.749537023127,102.7627889352,142.9208033346,2020-10-17T17:40:31.3097945,2020-10-17T17:40:31.3097945
"Ellipse",2688,68.749537023127,121.66032811335,257.14988814318,2020-10-17T17:40:31.8082429,2020-10-17T17:40:31.8082429
"Ellipse",2688,68.749537023127,102.62561576355,142.96400151573,2020-10-17T17:40:31.8082429,2020-10-17T17:40:31.8082429
"Ellipse",2689,68.749537023127,121.70618941089,256.543251305,2020-10-17T17:40:32.3187031,2020-10-17T17:40:32.3187031
"Ellipse",2689,68.749537023127,102.6411519515,143.1102690413,2020-10-17T17:40:32.3187031,2020-10-17T17:40:32.3187031
"Ellipse",2690,68.749537023127,121.31021625653,255.0548098434,2020-10-17T17:40:32.8071432,2020-10-17T17:40:32.8071432
"Ellipse",2690,68.749537023127,102.65176203107,142.91133004926,2020-10-17T17:40:32.8071432,2020-10-17T17:40:32.8071432
"Ellipse",2691,68.749537023127,121.34787472036,255.04175988069,2020-10-17T17:40:33.3075944,2020-10-17T17:40:33.3075944
"Ellipse",2691,68.749537023127,102.71352785146,142.86661614248,2020-10-17T17:40:33.3075944,2020-10-17T17:40:33.3075944
"Ellipse",2692,68.749537023127,121.38926174497,255.15920954512,2020-10-17T17:40:33.8070444,2020-10-17T17:40:33.8070444
"Ellipse",2692,68.749537023127,102.59909056461,143.10610079576,2020-10-17T17:40:33.8070444,2020-10-17T17:40:33.8070444
"Ellipse",2693,68.749537023127,121.11707680835,255.2408650261,2020-10-17T17:40:34.3094971,2020-10-17T17:40:34.3094971
"Ellipse",2693,68.749537023127,102.50170519136,142.95869647594,2020-10-17T17:40:34.3094971,2020-10-17T17:40:34.3094971
"Ellipse",2694,68.749537023127,121.71662938106,257.83333333333,2020-10-17T17:40:34.8149525,2020-10-17T17:40:34.8149525
"Ellipse",2694,68.749537023127,102.77264115195,142.96475937855,2020-10-17T17:40:34.8149525,2020-10-17T17:40:34.8149525
"Ellipse",2695,68.749537023127,121.5298284862,258.2293064877,2020-10-17T17:40:35.3103988,2020-10-17T17:40:35.3103988
"Ellipse",2695,68.749537023127,102.58772262221,142.76619931792,2020-10-17T17:40:35.3103988,2020-10-17T17:40:35.3103988
"Ellipse",2696,68.749537023127,121.71998508576,258.48583146905,2020-10-17T17:40:35.8108497,2020-10-17T17:40:35.8108497
"Ellipse",2696,68.749537023127,102.73020083365,143.04016672982,2020-10-17T17:40:35.8108497,2020-10-17T17:40:35.8108497
"Ellipse",2697,68.749537023127,121.51118568233,258.94369873229,2020-10-17T17:40:36.3082982,2020-10-17T17:40:36.3082982
"Ellipse",2697,68.749537023127,102.69344448655,143.17392951876,2020-10-17T17:40:36.3082982,2020-10-17T17:40:36.3082982
"Ellipse",2698,68.749537023127,121.82736763609,259.80275913497,2020-10-17T17:40:36.8207593,2020-10-17T17:40:36.8207593
"Ellipse",2698,68.749537023127,102.91777188329,143.32284956423,2020-10-17T17:40:36.8207593,2020-10-17T17:40:36.8207593
"Ellipse",2699,68.749537023127,121.79828486204,257.88851603281,2020-10-17T17:40:37.3092010,2020-10-17T17:40:37.3092010
"Ellipse",2699,68.749537023127,102.52747252747,142.00985221675,2020-10-17T17:40:37.3092010,2020-10-17T17:40:37.3092010
"Ellipse",2700,68.749537023127,121.79045488442,259.4451901566,2020-10-17T17:40:37.8156560,2020-10-17T17:40:37.8156560
"Ellipse",2700,68.749537023127,102.79878741948,143.08147025388,2020-10-17T17:40:37.8156560,2020-10-17T17:40:37.8156560
"Ellipse",2701,68.749537023127,121.70208799403,259.65548098434,2020-10-17T17:40:38.3091002,2020-10-17T17:40:38.3091002
"Ellipse",2701,68.749537023127,102.61235316408,143.6100795756,2020-10-17T17:40:38.3091002,2020-10-17T17:40:38.3091002
"Ellipse",2702,68.749537023127,121.88516032811,259.68344519016,2020-10-17T17:40:38.8075496,2020-10-17T17:40:38.8075496
"Ellipse",2702,68.749537023127,102.82985979538,143.31754452444,2020-10-17T17:40:38.8075496,2020-10-17T17:40:38.8075496
"Ellipse",2703,68.749537023127,121.58650260999,258.87994034303,2020-10-17T17:40:39.3090011,2020-10-17T17:40:39.3090011
"Ellipse",2703,68.749537023127,102.71428571429,143.41341417204,2020-10-17T17:40:39.3090011,2020-10-17T17:40:39.3090011
"Ellipse",2704,68.749537023127,121.76659209545,259.27106636838,2020-10-17T17:40:39.8074502,2020-10-17T17:40:39.8074502
"Ellipse",2704,68.749537023127,102.63167866616,143.46153846154,2020-10-17T17:40:39.8074502,2020-10-17T17:40:39.8074502
"Ellipse",2705,68.749537023127,121.84340044743,259.46532438479,2020-10-17T17:40:40.3079011,2020-10-17T17:40:40.3079011
"Ellipse",2705,68.749537023127,102.56877605154,143.66199317924,2020-10-17T17:40:40.3079011,2020-10-17T17:40:40.3079011
"Ellipse",2706,68.749537023127,121.64205816555,259.36577181208,2020-10-17T17:40:40.8063505,2020-10-17T17:40:40.8063505
"Ellipse",2706,68.749537023127,102.77491474043,143.2993558166,2020-10-17T17:40:40.8063505,2020-10-17T17:40:40.8063505
"Ellipse",2707,68.749537023127,121.58016405667,259.49776286354,2020-10-17T17:40:41.3138077,2020-10-17T17:40:41.3138077
"Ellipse",2707,68.749537023127,102.62372110648,143.73929518757,2020-10-17T17:40:41.3138077,2020-10-17T17:40:41.3138077
"Ellipse",2708,68.749537023127,121.76510067114,259.85421327368,2020-10-17T17:40:41.8082538,2020-10-17T17:40:41.8082538
"Ellipse",2708,68.749537023127,102.66881394468,143.27851458886,2020-10-17T17:40:41.8082538,2020-10-17T17:40:41.8082538
"Ellipse",2709,68.749537023127,121.69090231171,259.26920208799,2020-10-17T17:40:42.3167113,2020-10-17T17:40:42.3167113
"Ellipse",2709,68.749537023127,102.86358469117,142.84653277757,2020-10-17T17:40:42.3167113,2020-10-17T17:40:42.3167113
"Ellipse",2710,68.749537023127,121.70357941835,259.09843400447,2020-10-17T17:40:42.8061522,2020-10-17T17:40:42.8061522
"Ellipse",2710,68.749537023127,102.60401667298,143.27699886321,2020-10-17T17:40:42.8061522,2020-10-17T17:40:42.8061522
"Ellipse",2711,68.749537023127,121.54586129754,259.04399701715,2020-10-17T17:40:43.3076031,2020-10-17T17:40:43.3076031
"Ellipse",2711,68.749537023127,102.65403561955,143.42250852596,2020-10-17T17:40:43.3076031,2020-10-17T17:40:43.3076031
"Ellipse",2712,68.749537023127,121.60738255034,258.99179716629,2020-10-17T17:40:43.8060531,2020-10-17T17:40:43.8060531
"Ellipse",2712,68.749537023127,102.76506252368,143.58658582797,2020-10-17T17:40:43.8060531,2020-10-17T17:40:43.8060531
"Ellipse",2713,68.749537023127,121.65324384788,259.08016405667,2020-10-17T17:40:44.3075049,2020-10-17T17:40:44.3075049
"Ellipse",2713,68.749537023127,102.65630920803,143.56460780599,2020-10-17T17:40:44.3075049,2020-10-17T17:40:44.3075049
"Ellipse",2714,68.749537023127,121.42841163311,258.8754660701,2020-10-17T17:40:44.8129600,2020-10-17T17:40:44.8129600
"Ellipse",2714,68.749537023127,102.67563471012,143.18567639257,2020-10-17T17:40:44.8129600,2020-10-17T17:40:44.8129600
"Ellipse",2715,68.749537023127,121.4750186428,258.76174496644,2020-10-17T17:40:45.3084067,2020-10-17T17:40:45.3084067
"Ellipse",2715,68.749537023127,102.864342554,143.30807123911,2020-10-17T17:40:45.3084067,2020-10-17T17:40:45.3084067
"Ellipse",2716,68.749537023127,121.4052945563,259.13087248322,2020-10-17T17:40:45.8088582,2020-10-17T17:40:45.8088582
"Ellipse",2716,68.749537023127,102.68813944676,143.15839333081,2020-10-17T17:40:45.8088582,2020-10-17T17:40:45.8088582
"Ellipse",2717,68.749537023127,121.6428038777,258.97688292319,2020-10-17T17:40:46.3083069,2020-10-17T17:40:46.3083069
"Ellipse",2717,68.749537023127,102.75937855248,143.52482000758,2020-10-17T17:40:46.3083069,2020-10-17T17:40:46.3083069
"Ellipse",2718,68.749537023127,121.3422818792,258.53765846383,2020-10-17T17:40:46.8237719,2020-10-17T17:40:46.8237719
"Ellipse",2718,68.749537023127,102.58848048503,143.55248200076,2020-10-17T17:40:46.8237719,2020-10-17T17:40:46.8237719
"Ellipse",2719,68.749537023127,121.61483967189,258.41573452647,2020-10-17T17:40:47.3172165,2020-10-17T17:40:47.3172165
"Ellipse",2719,68.749537023127,102.5028419856,143.3277756726,2020-10-17T17:40:47.3172165,2020-10-17T17:40:47.3172165
"Ellipse",2720,68.749537023127,121.39858314691,257.99217002237,2020-10-17T17:40:47.8186683,2020-10-17T17:40:47.8186683
"Ellipse",2720,68.749537023127,102.6074270557,143.42288745737,2020-10-17T17:40:47.8186683,2020-10-17T17:40:47.8186683
"Ellipse",2721,68.749537023127,121.25428784489,258.33445190157,2020-10-17T17:40:48.3071084,2020-10-17T17:40:48.3071084
"Ellipse",2721,68.749537023127,102.61159530125,143.53694581281,2020-10-17T17:40:48.3071084,2020-10-17T17:40:48.3071084
"Ellipse",2722,68.749537023127,121.11409395973,257.72818791946,2020-10-17T17:40:48.8095611,2020-10-17T17:40:48.8095611
"Ellipse",2722,68.749537023127,102.51762031072,143.40773020083,2020-10-17T17:40:48.8095611,2020-10-17T17:40:48.8095611
"Ellipse",2723,68.749537023127,121.29791200597,258.00633855332,2020-10-17T17:40:49.3070093,2020-10-17T17:40:49.3070093
"Ellipse",2723,68.749537023127,102.60022735885,143.62220538083,2020-10-17T17:40:49.3070093,2020-10-17T17:40:49.3070093
"Ellipse",2724,68.749537023127,121.35943325876,257.45935868755,2020-10-17T17:40:49.8084617,2020-10-17T17:40:49.8084617
"Ellipse",2724,68.749537023127,102.77302008337,143.21371731717,2020-10-17T17:40:49.8084617,2020-10-17T17:40:49.8084617
"Ellipse",2725,68.749537023127,121.42915734527,257.21700223714,2020-10-17T17:40:50.3069101,2020-10-17T17:40:50.3069101
"Ellipse",2725,68.749537023127,102.87874194771,143.77491474043,2020-10-17T17:40:50.3069101,2020-10-17T17:40:50.3069101
"Ellipse",2726,68.749537023127,121.52647278151,257.05257270694,2020-10-17T17:40:50.8133661,2020-10-17T17:40:50.8133661
"Ellipse",2726,68.749537023127,102.77302008337,143.10079575597,2020-10-17T17:40:50.8133661,2020-10-17T17:40:50.8133661
"Ellipse",2727,68.749537023127,121.32736763609,256.61782252051,2020-10-17T17:40:51.3078119,2020-10-17T17:40:51.3078119
"Ellipse",2727,68.749537023127,102.66047745358,143.06290261463,2020-10-17T17:40:51.3078119,2020-10-17T17:40:51.3078119
"Ellipse",2728,68.749537023127,121.49403430276,256.98695003729,2020-10-17T17:40:51.8082628,2020-10-17T17:40:51.8082628
"Ellipse",2728,68.749537023127,102.52898825313,143.79802955665,2020-10-17T17:40:51.8082628,2020-10-17T17:40:51.8082628
"Ellipse",2729,68.749537023127,121.08128262491,256.81841909023,2020-10-17T17:40:52.3157197,2020-10-17T17:40:52.3157197
"Ellipse",2729,68.749537023127,102.60704812429,143.12466843501,2020-10-17T17:40:52.3157197,2020-10-17T17:40:52.3157197
"Ellipse",2730,68.749537023127,121.34601043997,256.29045488442,2020-10-17T17:40:52.8071628,2020-10-17T17:40:52.8071628
"Ellipse",2730,68.749537023127,102.63319439182,143.43728685108,2020-10-17T17:40:52.8071628,2020-10-17T17:40:52.8071628
"Ellipse",2731,68.749537023127,121.06823266219,256.42095451156,2020-10-17T17:40:53.3246290,2020-10-17T17:40:53.3246290
"Ellipse",2731,68.749537023127,102.60325881016,143.39446760136,2020-10-17T17:40:53.3246290,2020-10-17T17:40:53.3246290
"Ellipse",2732,68.749537023127,121.01864280388,256.41871737509,2020-10-17T17:40:53.8060627,2020-10-17T17:40:53.8060627
"Ellipse",2732,68.749537023127,102.67449791588,143.31564986737,2020-10-17T17:40:53.8060627,2020-10-17T17:40:53.8060627
"Ellipse",2733,68.749537023127,121.08463832961,256.31245339299,2020-10-17T17:40:54.3145208,2020-10-17T17:40:54.3145208
"Ellipse",2733,68.749537023127,102.65896172793,143.38840469875,2020-10-17T17:40:54.3145208,2020-10-17T17:40:54.3145208
"Ellipse",2734,68.749537023127,120.85421327368,255.54996271439,2020-10-17T17:40:54.8069645,2020-10-17T17:40:54.8069645
"Ellipse",2734,68.749537023127,102.60212201592,143.28647214854,2020-10-17T17:40:54.8069645,2020-10-17T17:40:54.8069645
"Ellipse",2735,68.749537023127,120.76435495899,255.3937360179,2020-10-17T17:40:55.3114187,2020-10-17T17:40:55.3114187
"Ellipse",2735,68.749537023127,102.8021978022,143.36074270557,2020-10-17T17:40:55.3114187,2020-10-17T17:40:55.3114187
"Ellipse",2736,68.749537023127,121.02274422073,255.10253542133,2020-10-17T17:40:55.8078669,2020-10-17T17:40:55.8078669
"Ellipse",2736,68.749537023127,102.69571807503,143.23342175066,2020-10-17T17:40:55.8078669,2020-10-17T17:40:55.8078669
"Ellipse",2737,68.749537023127,121.0398956003,255.17002237137,2020-10-17T17:40:56.3093184,2020-10-17T17:40:56.3093184
"Ellipse",2737,68.749537023127,102.64153088291,143.58923834786,2020-10-17T17:40:56.3093184,2020-10-17T17:40:56.3093184
"Ellipse",2738,68.749537023127,120.9302759135,254.70022371365,2020-10-17T17:40:56.8207789,2020-10-17T17:40:56.8207789
"Ellipse",2738,68.749537023127,102.67601364153,143.20917014021,2020-10-17T17:40:56.8207789,2020-10-17T17:40:56.8207789
"Ellipse",2739,68.749537023127,120.69649515287,254.60328113348,2020-10-17T17:40:57.3082184,2020-10-17T17:40:57.3082184
"Ellipse",2739,68.749537023127,102.621447518,143.42440318302,2020-10-17T17:40:57.3082184,2020-10-17T17:40:57.3082184
"Ellipse",2740,68.749537023127,120.93064876958,255.04996271439,2020-10-17T17:40:57.8196788,2020-10-17T17:40:57.8196788
"Ellipse",2740,68.749537023127,102.78666161425,143.16559302766,2020-10-17T17:40:57.8196788,2020-10-17T17:40:57.8196788
"Ellipse",2741,68.749537023127,120.9634601044,254.31282624907,2020-10-17T17:40:58.3131234,2020-10-17T17:40:58.3131234
"Ellipse",2741,68.749537023127,102.49829480864,143.61993179235,2020-10-17T17:40:58.3131234,2020-10-17T17:40:58.3131234
"Ellipse",2742,68.749537023127,120.94369873229,254.35906040269,2020-10-17T17:40:58.8215815,2020-10-17T17:40:58.8215815
"Ellipse",2742,68.749537023127,102.7400530504,143.45130731338,2020-10-17T17:40:58.8215815,2020-10-17T17:40:58.8215815
"Ellipse",2743,68.749537023127,120.74011931395,254.18046234154,2020-10-17T17:40:59.3060180,2020-10-17T17:40:59.3060180
"Ellipse",2743,68.749537023127,102.61386888973,142.99204244032,2020-10-17T17:40:59.3060180,2020-10-17T17:40:59.3060180
"Ellipse",2744,68.749537023127,120.75764354959,254.17412378822,2020-10-17T17:40:59.8074694,2020-10-17T17:40:59.8074694
"Ellipse",2744,68.749537023127,102.70935960591,143.60553239864,2020-10-17T17:40:59.8074694,2020-10-17T17:40:59.8074694
"Ellipse",2745,68.749537023127,120.64056674124,253.34638329605,2020-10-17T17:41:00.3079206,2020-10-17T17:41:00.3079206
"Ellipse",2745,68.749537023127,102.74270557029,143.19628647215,2020-10-17T17:41:00.3079206,2020-10-17T17:41:00.3079206
"Ellipse",2746,68.749537023127,120.85756897837,253.80313199105,2020-10-17T17:41:00.8083709,2020-10-17T17:41:00.8083709
"Ellipse",2746,68.749537023127,102.68510799545,143.31413414172,2020-10-17T17:41:00.8083709,2020-10-17T17:41:00.8083709
"Ellipse",2747,68.749537023127,120.39485458613,253.17412378822,2020-10-17T17:41:01.3078218,2020-10-17T17:41:01.3078218
"Ellipse",2747,68.749537023127,102.73512694202,142.90147783251,2020-10-17T17:41:01.3078218,2020-10-17T17:41:01.3078218
"Ellipse",2748,68.749537023127,120.78113348248,253.48806860552,2020-10-17T17:41:01.8172805,2020-10-17T17:41:01.8172805
"Ellipse",2748,68.749537023127,102.57862826828,143.76392572944,2020-10-17T17:41:01.8172805,2020-10-17T17:41:01.8172805
"Ellipse",2749,68.749537023127,120.35906040269,253.15883668904,2020-10-17T17:41:02.3227356,2020-10-17T17:41:02.3227356
"Ellipse",2749,68.749537023127,102.80333459644,143.23796892762,2020-10-17T17:41:02.3227356,2020-10-17T17:41:02.3227356
"Ellipse",2750,68.749537023127,120.53803131991,252.33631618195,2020-10-17T17:41:02.8181823,2020-10-17T17:41:02.8181823
"Ellipse",2750,68.749537023127,102.78097764305,143.14929897689,2020-10-17T17:41:02.8181823,2020-10-17T17:41:02.8181823
"Ellipse",2751,68.749537023127,120.59545115585,252.40156599553,2020-10-17T17:41:03.3076236,2020-10-17T17:41:03.3076236
"Ellipse",2751,68.749537023127,102.73815839333,143.40848806366,2020-10-17T17:41:03.3076236,2020-10-17T17:41:03.3076236
"Ellipse",2752,68.749537023127,120.56711409396,252.89187173751,2020-10-17T17:41:03.8150805,2020-10-17T17:41:03.8150805
"Ellipse",2752,68.749537023127,102.62106858659,143.54262978401,2020-10-17T17:41:03.8150805,2020-10-17T17:41:03.8150805
"Ellipse",2753,68.749537023127,120.53840417599,252.65585384042,2020-10-17T17:41:04.3205359,2020-10-17T17:41:04.3205359
"Ellipse",2753,68.749537023127,102.66767715044,143.08563849943,2020-10-17T17:41:04.3205359,2020-10-17T17:41:04.3205359
"Ellipse",2754,68.749537023127,120.50745712155,252.1062639821,2020-10-17T17:41:04.8079747,2020-10-17T17:41:04.8079747
"Ellipse",2754,68.749537023127,102.6271314892,143.38954149299,2020-10-17T17:41:04.8079747,2020-10-17T17:41:04.8079747
"Ellipse",2755,68.749537023127,120.13982102908,252.02237136465,2020-10-17T17:41:05.3154322,2020-10-17T17:41:05.3154322
"Ellipse",2755,68.749537023127,102.69950738916,143.22015915119,2020-10-17T17:41:05.3154322,2020-10-17T17:41:05.3154322
"Ellipse",2756,68.749537023127,120.47203579418,251.39000745712,2020-10-17T17:41:05.8118795,2020-10-17T17:41:05.8118795
"Ellipse",2756,68.749537023127,102.74687381584,143.64873057977,2020-10-17T17:41:05.8118795,2020-10-17T17:41:05.8118795
"Ellipse",2757,68.749537023127,120.32177479493,251.54772557793,2020-10-17T17:41:06.3073256,2020-10-17T17:41:06.3073256
"Ellipse",2757,68.749537023127,102.61386888973,143.26676771504,2020-10-17T17:41:06.3073256,2020-10-17T17:41:06.3073256
"Ellipse",2758,68.749537023127,120.4884414616,251.54511558538,2020-10-17T17:41:06.8187867,2020-10-17T17:41:06.8187867
"Ellipse",2758,68.749537023127,102.77453580902,143.21258052293,2020-10-17T17:41:06.8187867,2020-10-17T17:41:06.8187867
"Ellipse",2759,68.749537023127,120.28299776286,251.3322147651,2020-10-17T17:41:07.3112304,2020-10-17T17:41:07.3112304
"Ellipse",2759,68.749537023127,102.7032967033,143.175066313,2020-10-17T17:41:07.3112304,2020-10-17T17:41:07.3112304
"Ellipse",2760,68.749537023127,120.1312453393,250.23228933632,2020-10-17T17:41:07.8206894,2020-10-17T17:41:07.8206894
"Ellipse",2760,68.749537023127,102.82682834407,143.23493747632,2020-10-17T17:41:07.8206894,2020-10-17T17:41:07.8206894
"Ellipse",2761,68.749537023127,122.70256024096,259.68637048193,2020-10-17T17:41:08.3141339,2020-10-17T17:41:08.3141339
"Ellipse",2761,68.749537023127,102.61917392952,143.29897688518,2020-10-17T17:41:08.3141339,2020-10-17T17:41:08.3141339
